624 625 626 627 1076 1077 1078
762 763 764
739 715 2380 622 623 1106 83 84 85 86 82 1113
2116
2196 2197 2198
1478
2176 2177 694 696 697 698 699 700 2175
1734
2296 1415 1352 1353 1354 1355 1356 1357 2347 1592 1593 1594 1595 1596
353 354 355 356 357
1125 1126 1127 686 687 688 689 690 691 692
422
440
1241 1242 812 813 1243 979 980 981 1240 1177 1178 1179 1180 1181 1182
1446 1447 1448 789 921 922 923 924
576 577 578 2075 567 568 569 570 571 572 573 574 575
2122 2123 2124 1997 1998 1999 2000
1888 1473 1890 1475 1474 1477 1476 1472 854 855 1467 1468
2183 2442 2443 2284 2285 2286 2287 1804 983 984 985 986 987 988 989 990
952
1089 1090 1091 1893 1894 2105
2 3 4 5 6 7 678 677 679
2102
1546 911 912 913 914 915 916
304 305 306 307 308
1146 1787 803 1193 1194 1349 200 201 202 203 204 205 206 207 208 209 2151 1786 1147 1148 1149
1311
2003
2490 2475 2476 2477
1449 1450 1451 1452 1453 1454 1455 1456 1457 1458 1459 1460 1461 1462 1463 1464 1466 1759
938
320 1440 321 323 324 1441 326 327 325 328 322 1101 1713 1918 1917 318 319
2268
2496 967 968 969 970 2458
529
2112 2113 2114 2115 2445 2461 2111
2080 502 503 504 505 506
2353
2362
1305 1295 1296 1297 1298 1299 1300 1301 470 471 472 473 474 1302 1303
882 1306 245 246
1024 1764 1021 1012 1013 1014 1015 1016 1017 1018 1019 1020 1757 1022 1023
51 53 54 1430 58 59
906
2474
2483
480 475 476 478 479
832 1345 1344 834 1348 1349 1350 1152 1153 1346 1347 1351 1561 1562
1536 1537 1538 1573 1840 1534 1535
1827 1828 1829 1830 1831 1832 1833 1834 1835 1836 2227 2228
1224 1225 1226 2027 1227 1229 2026 2025 1228 2028 2229
2366
1292
896 897 898 899 900 901 902 1733 903 904 1011 891 893 894 895
636
2432 1541 1542 647 648 649 650 651 1543 646 2386 1366 1367 1368
929 924 1447
2469
660 661 662 663 1560
1157
1166
1285 1286 1287 1288 1289 1290 1291 847 848 849 18 20 21
784
2275 1636 1637 1638 1639 1640 1641 682 1635 684 1005 1004 1231 2356
962 963 964 965 966 2471 2467 2345 1738 2456 2265 2266
160 161 162 163 164 165 166 167 168 1088 1086 1087
1952
2208 1921 1922 1923 804 805 1924 1925 201
2150 1875 1877 1878 1879 1880 1881 1882 1885
2433 2375 2376 2377 2378 2379
658
2455
329 330 331 332 333 334 335 765 766
2072 724 725 726 727 728 729 1631
2473
2125 2126 2127 2128 2129 2130 2131
1860 1642 1230 2319 1232
2491
1679 2033 1685 1686 1687
2437 2438 2439 2440 1678 1680 1681 1682 1683 1684
1947 1948 1455
558 559 560 561 562 563 564 565 566 1308 1309
1709
2185
2372 2373 2230 2231 2232 2233 2234 2235 2236 2237
1547
1867 1868 1869 1870 1871
235
1856 1857 1858 1854 1855
550 76 77 78 79 80 81
708 709 710 711 712 713 1164 1165 1167 1168 1169 1533
614 1063 1064 1065 1066 1067 1949 1950 1951
100
258 262 2343 1810 1811 2165 2166 2167 2168 2169 2170
774 775 2408 2409 2410 1591 2423 2239
1314 515 521 522 153 154 158 156 157 1310 159
482 483 484 485 486 487 488 1008 1009 1010 1307
2180
2422 1338 1339 1340 1341 1342 1343
2344 44 2374
905 907 908 909 910 2387 2388 2389 2076 2077 2078
1304
2207
2216
2454
477
342
1539 811 813 814 815 979
1777 1778 1779 1780 1781 1782 1783 1784 1785 1691 1692 1693 1694 1695
1672
1254 2278 2279 1258 531 532 533 534 535 536 537 538 2238
1568 1569 1570 1701
232 230 231
2272 2273 2269 2270 2271
1519
2184
2073 2074 1570 1571 1572 822 823 824 825 826 827 828 2247 841 842 843 844 845 846 1244 1245 1246 1247 1248 1249 748 749 750 751 752 753 1903 2031
225
2449
1280 1281 1282 1283 1284 2194 2195 1279
1963 1964 1965 1966 1967 1968 1969
850 851 852 1050 1051
1688 1689 1690
755
2314
976 977 978 975
1896
1597 2495
2332
864 865 866 867 868 2436 2435 1133 1134 1135
193
1523
67 68 2339 70 455 456 457 458 459 460 557 556
1776 1774 1775
1770
224 829 210 211 212 213 214 215 216 217 219 220 221 222 223
2320 2321 2322 2323 2324 2325
1926 1927 1928 1929 1959 1930 1931
1132
1795 1796 933 934 935 936 937 932 1411 2289 2290 2291
1797
1817 1335 1336 1337 1818 1819 1820 1821
1241 1242 812 813 1243 979 980 981 982 1240 1177 1178 1179 1180 1181
2016 2017 2018 2019 2020 2021 2022 2153 2015
1315 1316 1069 1070 1071 1072 1073 1074 1075 730 731 732 733 734
1546 911 912 913 915 916 917
2010 2280 2281 2472 1207 1208 1209 1210 2011
1735 1736 625 1970 1971 627 1077 1076 1972 1973 1078
1891
1235
1714 1715 1716 1717 1718
672 2106 2107 2108 2109 2110 671
853
800 801 802 1588 796 797 798 799
1960 1961 1962
2421
2430
2400 714 717 622 623 621 1105 2417 1107 2418 1109 1110 2419 1112 1114 1115 1116
133 134 135 136 137 138 139
1374
155 1812 517 158
2295
2297 2298 2299 2300
1895
1904
586 491 492 493 494 587 490
1486
960 961 1150 959 954 955 956 957 958 1151
2172 2173
1643 431 432 433 434 435 436 437 439 953 442 445 447
192
1522
2425
1104
1945 1946 2085 2086 2087 2088 2089 2090 2091 2092 2093 2095 2096 2097 2098 2152 1898 1387 1388 1389 1390 1391 1392 1393 1394 2030
448
2434
695
1369
2034
384 385 386 380 381 382 383
1384 858 859 860 861 862 863
1120 1121 1122 1123 2047 1117 1118 1119
1378 2307 1379 1381 1382 1383 1128 1380 276 277 278 279
1234
2466 1141 1142 1143 1144 1145
2137
2144 2145 2146 2147 2143
2155
2487 883 2486 247 248 1306 1981
1737
1079 1080 1081 1082 1083 1084 1085 1630
528 1697 112
2411
776 777 778 779 780 781 1845
2420
443
2336 1673 1674 1675 1676 2068 1724 1725 1726
1108
1986 1987 1988
2248 2249 2250 2251 2252 2253 2446
226 227 580 229 1765 1767 579 1769 1634 1771 1772 1773 462 463 461 1768 1766
2203 2081 2082 1195 1196 1197 1198 1199 1993 1994 1866 1996 1995 1872 1873 1874 88 91 92 93 2293
2029
2267
1373
336 337 339 340 341 343 344 345 346
481 2001 1746 1747 1748 1749 1750 1751 1752 1753 1754 1755 1756
1702 1703 1704 1705 1706 1707 1708 2441 2256 2257 2258
400 401 398
2050 2051 2052 2053
128 129 130 131 132 869 870 871 856 2452 760 761 857
1462 1453 1758 1759
1485
920 918 919
191
2464 2429
438
676
2186 2187 2188
38 39 40 41 2344 43 42 2007 1491 1492 2005 2004 1495 1494 2006
544 545 1026 547 548 549 1028 1025 1030 1031 546 1032 1029 1006 1007 1027 1233 1434
1798 2209 2211 2212 1745 1620 1370 1371 1372 1375 1376 233 234 236 237 238 239 240 241 242 243 244 1527 1528 1529 1532
2041 2042 2043 2044 2045 2046
2357 2358 2359
2160 2156 2157
1480
2383
1664 1665 1666 836 837 838 839 840 1800 951 1663
673 674 675 2083 1846 1847 1848 1849 1850 1851
50 51 52 53 54 55 56 57 58 59 60 61
800 801 802 1588 1589 797 798 799
1839
1183
146 147 148 149 150 151 152
2120 2121 2119
1152 1153 835 830 831
1801 1802 1419 1803 1421 1420 1422 1417 1418 1423 872 873 874 875 876 877 878 879 880 881
642 1174 631 633 634 635 639
407 402 403 404 405 469 406 408 409
66 555 556 69
1484
2275 1001 1002 1003 1004
495 496 497 498 499 500 501 1712
102 103 104 105 106 107
16 17 19
512 513 514 507 508 509 510 511
2048 2049
1469 1470 1471
2355
2364
2382
2178 2179 2338 1739 1740 1741 1742 1743 1744
45 46 47 48 49 2450 2451 2459 2460
1976 1977 1974 1975
1413 2214 2213 2215 1358 1359 1360 1361 1362 1363 1364 1365
2485
2494
2497 2404 2181 2182 2405 2406 2407 2159 2161 2492 2365 2493
997 998 999 1128 1129 1130 1131 1000
2352 2350 2351
1637 1638 1639 1640 680 682 683 684 685 681 2318 2356
312 2148 2149 2363 1204 309 1206 311 1205 313 314 315 310 317 316
1581 1942 2199
64 65 523 524 1068 526 527 525 62 63
1841 1842 1843 1844
884 885 886 887 888 889 890
1859 1860 1861
2106 2107 2109 670 671
612 613
2189 2190 665 666 667 668 669
2462
1806
2336 1673 1674 1676 1677 2068 1724 1725 1726
1864 1865 1862 1863
930
1056 1057 1058 1916 1932 1933 1934 1935 1936 1937 1938 1939 1914 1915 1052 1053 1054 1055
2489
8 9 10 11 12 13 14 15
449 1250 1251 452 451 454 453 450 1574 1431 1432 1433
1792 1793 1794 530 1788 1789 1790 1791
2054 2055 2056 2057 2058 2059 2060 2061 2062 2063 2064 2065 2066 2067 1507 1508 1136 1137 1138 1139 1140 2163 2164
22 23 24 25 26 27 28
640 643 644 645 1174 1175 1176 2217 2218 1899 1900 1901 629 630 632 633 634 635 637 638 639
2354
581 582 583 584 585
1989 1990 1991 1992 2223 2224 2225 2226
417 418 419 420 421 1185 423 424 2023 2024 2334
257 260 262 2348 2204 2205 2206
1293 1294 1582 2384 1585 1586 1584 1809 1587 1583 1807
1504 1505 1506 1502 1503
1728 1729 1730 1731 1732 1727
352 347 348 349 350 351
1808 1809 291 289
2210
87 2008 89 90 2009
1563
370 371 372 373 374
489
1152 833 1153 835 1346 1561 830
2035 2036 2037 2038 2039 2040
1059 1060 1092 1062 1412 939 940 941 942 943 944 945 946 947 948 949 950
1602 1603 1604 1605 1606 1607 1608 1609 1610 1611 1612 1613 1614 1615 1616 1617 1618 1619
2331
2349
1317 1318 1319 1320 1321 1322 1323 1324 1325 1326 1913
32 33 34 35 36 37 664 29 30 31
375 376 377 378 379
628
787 199
1531
1576 1577 1578 1575
1408 1409 1410 2117 1544 652 653 654 655 656 657 2002 1883 1822
2220 263 264 265 266 267 268 269 270 1103 272 273 274 271 2221 2222 275 2219
1540
1984 1985 2431 2444 2317 2254 2255 1648 1649 1650 1651 1652 1653 2292 2333 1982 1983
2470
2118 1424 1425 1426 1427 1428 1429 1622 1621
1624 1623 2392 1625 1626 1627 1628 1629
2326 2327 2328 2329 2330
2308
1414
257 259 261 262
2079
2402 1667 1668 1669 1670 1671 2403 816 817 818 819 820 821 1852 1853
2401 140 141 142 143 144 145 1100 1837 2174
2335
588 589 590 591 592 593 594 595 596
551 552 553 554 617 618 619 620 693
1217 1218 1219 1220 1221 1222 1223 1887
896 898 1733 901 903 1011 892
71 72 1396 1397 1398
371 372 373 374 1406
1517
1953
1161 1333 1334 1335
704 705 707 701 702 703
1875 1876 1878 1880 1881 1882 1884 1885 1886
1601 1509 1510 1511 1512 1513 1514 1515 1516 1919
1824 1825 1826 1823
641
771 772 773 775 767
2136 2134 2135
992 993 994 995 996 597 598 599 600 601 991
2465
1954 1955 1956 1957 1958 2468
2294
1186 1187 1188 1189 1190 1191 1192 1805 2447 2390 2391
1416 1696 1698 1699 1700 363 108 365 110 111 109 113 114 115 116 117 118 119 120 121
1698 358 359 1416 360 361 364 365 366 367 368 113 369
362
806 807 808 809 810
1536 1538 1573 71 73 74 75 1840 1395 1396 1397 1398 1534 1535
1530
218
2368 2369 2370 2371 2367
1399 1400 1401 1402 1403 1404 1405
122 124 125 126 127
2259 2260 2261 2262 2263 2264
1633
754 179 180 181 182 183 184 185 757 756 541 542 543
1889
758 759
101
425 426 427 428 429 1813 1814 1815 1816
1907
2154
1545 788 789 2069 2070 2071 921 923 925 926 927 928 186 187 188 190 194 195 196 197 198
718 719 176 177 178 723 2132 720 722 175 2463
1154 1155 1156 1158 1159 1160 1161 1162 1163 1580 1579 1940 1941 1333 1943
735 736 737 738 1762 123 1265 1266 1267 1268 1269 1270 1271 1272 1273 1274 1275 1276 1277 1278
1654 1655 1656 1657 1658 1659 1660 1661
2428
1763
1799
2309 2310 2311 2312 2313 1645 1647 2426 2427
2337 1061
292 293 294 295 296 297 298 299 300 301 782 303 783 302 539 540
1600 1548 1549 1550 1551 1552 1553 1554 1598 1599
2484 2488 1436 1437 1438
608 609 610 611 602 603 604 605 606 607
741 742 743 744 745 746 747
1711 1170 1171 1172 1173 790 791 792 793 794 795
2140
2340 2341 2342
1911
1493
2158
1312 1313 1314 515 516 517 518 519 520 521 522 154 156 1662 1310
2498 2499 1407
387 388 389 390 391 392 393 394 395 396 397
2191 2192 2193 1564 1565 1566 1567
2414
1920 1377 739 740 716 2380 623 1106 83 84 85 86 2453 82 1113
1102
446
1111
464
2200 2084 2099 2100 2101 2103 2104 2381 465 466 467 468 2385 1385 1386 1259 1260 1261 1262 1263 1264 1905 1902 1906 1908 1909 1910
2482 2094
2032
1632 1236 1237 1558 1559 1238 1557 1239
1216 2346 1944 2201 2202 1211 1212 1213 1214 1215
2393 2394 2395 2396 2397 2398 2399
96 97 98 99 256 1518 1520 1521 1524 1525 1526 94 95
338
1897
1479
1488
2162
1440 321 1441 1439
288 280 281 282 283 284 285 286 287
2246 1033 1034 1035 1036 1037 1038 1039 1328 1327 1330 1331 1329 1332
2171
1496 1497 1498 1499 1500 1501
2304 2305 2306 2301 2302 2303
1252 1253 1255 1256 1257 1490
441
768 769 770 771 773 775 1590 767
228 2277 2276 2315 2316 1710
1124
1644 1646
1760 1761 1643 430 432 433 434 435 436 437 439 442 444 445
399 931 169 170 171 172 173 174 1719 1720 1721 1722 1723 1093 1094 1095 1096 2012 2013 2014
249 250 251 252 253 254 255
289 290 1435
706
1442 1443 1444 1445
2274
2244 2245 2150 2288 1879 2457 1882 1884 1886
971
2412 2413 2415 2416 785 786
0 1
1892 2282 2283 972 973 974 2448 2424 2138 2139 2141 2142
1465
1483
1040 1041 1042 1043 1044 1045 1046 1047 1048 1049
2360 2361
1184 1481 1482 1838 1487 1489 659 1556 1555 1912 1978 1979 1980
1200 1201 1202 1203
1097 1098 1099
189
2240 2241 2242 2243
416 615 616 2478 2479 2480 2481 410 411 412 413 414 415
721 2133
