4924 4925 4926
4993 2610 4994
4992 4990 4991
4774 3119 3120 3121 3122 3123 3124 3125
1001 1002 1003 1004 1005 1006 1007
1860
2048 2049 3809 2050 3812 3810 3811 3814 3816 3815 3813 3768 3769 3770 2044 2045 2046 2047
4256 4257 4258 4259 4260 3753
1928 1925 1926 1927
3428
2791 1256 1257 2794 2793 2792 4151
2543
4767
804
4111
1488 1487
4349
2576 3223 3224 3225 1575 1576 1577 1578 1579 2231 4919 2885 2886 3406 3407 3408 3409 3410 3414 3415 3416 3417 3419 3420 1908
1425 1426 1427 1428 1429 1430 1431 1314 4266 3634 55 56 57 2618 59 61 2621 478 94 480 482 483 1388 1389 1390 1392 1394
4358
4512 4510 4511
1984 3655 680 681 236 237 238 241 2481 242 244 245 2812 2813 1982 1983
128 129 2599 2600 2601
4596 4597 4750
3284
2602 2603 2604 2605 2606 2607 2608
3711
2192 2193 2194 2195 2196
1728 1729 1730 1731 2587 1726 1727
4299 4300 4301
665 666 667 668
4267 2622
4204 4205 4206
4470
4241
4479
4717
2758
3185
177 178 179 180 181
4984 4982 4983
3015 3016 3017 3018 4308 4309 4310
3014
3935
161
4600
3706
416 417 418 366
4618
4856
4658 4659 4660 4661 4662 4471 4472 4473 4474
2641
1760 1761 1762 1763 1758 1759
1320
4064 4065 4062 4063
1033 1034 1035 1036 1037 1038
1376 1378 1379 1380 1381 1382 4282 4283 4284
1008 267 3286
435
4209
4227
2817 2978 2818 2977 2823 2825 3887 3888 3889 3600 1236 3765 2264
1707 1708 1709 1710 1711 1493 1494 1495 1496 1497 4922
4231 3735 3993 2590 2591 2592 2593 2594 2595 2596 2597 4128 4133 4130 4135 4138 4139 4140 4141 4134 4136 4129 4131 4132 3824 3825
3718 4873 4874 145 146 147 148 149 3859 295 297 1072 2352 2354 2764 2766 2767 2768 2769 229 2296 2297
1845 1846 1847
4968
3418
4977
3987 3988 3989 3990 3991 3992
2106
4225 4226 2287 2288 2289 626 627 628 629 630 631 632 633 634 4700
1697
4155 4156 4157
2530 2531 2532 2533 2534 2631 2535 4559 3063 3064 3065 3066 3067 4669
4595
4833
3057 1586 1587 1588 1589 1590 1591 1592
39 40 41 42 43 44 45 46 47 1275
3626 3627 3628 3629 4877 4637
3530
1315
3301
1980
3962
421
4213
2578 2579 2580
4288 4289 4290 4291 4292 4287
3552 3553 3554 3555 3556 3557 3558 3559 3549 3550
2656 2657 2658 2659 2660 2655
1309 1311 3646 4124 3642 3643 3644 3645 1310 3647
424 425
3795
3317 3318 4351
3362 4930 4900 4656 1909 1910 1911 1912 1913 4923 4477 4478
912 913 914 915 916 1108 1109
4051
4115 4820 4116 4117 4118 4819 2107
1571 1572 1573 4038 3214 986 987 988 989 4670
4971 4972 4973
3404
4963
3826 3827 3221 3222 2138 2139 2140 2142
4734
3413
4588 4589 4657 4602 4603
1863
2464 2465 2467 2457 2458 2459 887 888 889 890 891 2460 2461 2462 2463
3449 3450 3451
263 264 265 266 268 269 270 271 272 273 274 275 276 3285 3287 3288 3289 730 732 2662
4981
747 748 749 750 751 752 753
4352 1861 1862 3852 3853 3854 1072 4433 3890 3859 3892 3891 3856 3857 2296 3858 4350
2676 2677 2678 2679 2681 2683
4590
4655 54 4727
4828
3299 4490 4491 4591 4592 501
160
4837
2538 2276 2536 201 202 203 204 205 200 2540 2541 2545 2546 2544 2539 2547
1154 1155 1157 1158 1160 3560 1162 1163 1165 1166 1150
3525
4715 4716 4461 4462 4463 3604
2869
654
576 577 578 579 580 581 582 583 4377 584 4376 2137 4378 4379 572 573 574 575
2513 2514 2515 3542 3543 3544 3545 3546
1184 1185 1375 1067 1068 1069 1070 1182 1183
3968 3969 3970 3971 3972 3973 4235 3966 3967
2626 2627 2628
4864
2304 4965 3983 4978 3955 3959 3960 4158
2469
505 503
4802 3339 3341 3342 3343 3344 3345 3346 3347 3348 3349
992 2980 3271 3274 3278 990 991
3458 3459 3460 3461 3462 3463 3464 3465 3466 3279 3280 3281 3282 3283
1675 1676 1677 1678 1679
3104 3105 3106 3107 3108 3109 3110 3093 3094 3095 3096 3097 3098 3099 3100 3101 3102 3103
4232 4233 4234 4268 3032
4046
4293
4958
4967
3608 3609 3606 3607
485 2054 2055 2053 2057 2058 4651 1265 1266 3537 3229
2115 2116 2117 70 4694 4695 4696 121
1027 1028 1031 1032 1769 1770 1768 206 207 208 209 210 211 212 213 214
4814
2037 2038 1691 1692 1693
4576 4574 4575
3273
3233 3234 3236 3237 3333 3334 3332 4632 4089
690 691 692 693 694 695
3584 3585 2434 771 772 2437 2436 2439 2440 2441 2442 4361 2438 4363 4362 4364 4736 2710 2711 2712 4737 4381 4382 1698 4515 4004 2983 2984 3510 4542 1602 1603 1604 1605 1606 1607 1608 1609 3932 3933 4072 4073 4074 4735
777 1864 2125 2126 2127 2128 3963 369 370 371 372 373 374 3319 3320 3321 3322 3323 3964 3965
3883 3884 3885 3886
3168 3169 3170 3171 3172 3173 4453 4870 4452 4623 4849 4530 4593 3894 3895 3896 3897
4101 4102
3520
4622 1438 1439 1440 1441 1442 1443 1444 1445 1446 1447 1448 4017 4018 4019 4020 4021 4023 4024 4025 2632 971 972 973 974 975 976 977 978 979 1367 1133 3438
3529
1889 1890 4612 1328 1329 1330 1331 1332 4786 4787 1886 1887
4005 4006 4103 4104 4105 4106 4555 4108 4107 4109 4110 1816 1810 1813 1814 3480 3036
4137 4949
2864
4850
3424 3425 3137 3427 3426 3429 3430 3431 1101 1102 499 500 502 860 861 862 3423
3744 2839 2840 2841 2842 2843 2845 2846 2847
2355 2356 2357
4753 4754 4755
3776 2633 2634 2635 2636 2637 2638
2235
3794
773 774 775
3259 3253 3255 3256 3257 3258 4859 4860 4861 4862
4688
1817
4041
3844 4384 4385 4386 4387 4388 598 599 600 601 1626 1627 602 603 993 994 2664 2665 2669 2286 2671 2670 2673 2674 2672 4342
704 705 706 707 703
1511 1512 1513 1514 1516 1517
4050
3904 4401 4402 4403 4404 3901 3902 3903
2311 2312 2313 2314 2315 2316 2317 3697
1103 1104 1105 1106 1107
1169 1170
3394
2738
4953
4297
3412
770
4553
608 4852 4853
1408 1409 2242 2243 2245 2246 2247 2931 1404 1405 1406 1407
742 743 744 745 746
356 357 358 359 360
3906
2944 2945 2946 2947 2948 2949 2950 2951 2952 2953 2954 1292 3518 3522 3792 2643 2645 995 996 997 998 999 1000 2943
4580
1818 1819 1820 1822 2975 2976 1824 1826 1825 1828 1829 1830 1831 1827 1823 1113 1114 2907 2906
4827
4171
4305 4306 4307 4855
1637 463 464 465 466 467 468 469 470 472 473 474 475 476 477
4801 2470 2471 4712 4713 4711 4817 4818
4719 4720 4721 4722 4723
3524
2083 2084 2085 1198 1199 1200 1201
4683
3730 3375
4605 1253
1574
2706
838 839 840 841 842 843 2700 2698 2699 3025 2388 2389
2477
399 400 401 402 3378 3377
2059
4045
3926 3927 3928 3929 3930
4948
4320 4318 4319
4957
1664 1665 1666 1667 1668 1669 1670 1671 1672 1673 1674 116 117 118 119 1498 1499
24 21 22
3617 3943 3944 4043 2739 2740 4052
4871 4172 4173 4174 4175 4176 4910
3227
1012
2571
1848 1849
4557
3233 3234 3235 3236 3333 3334 3332 4632 4089
154 155 156 157 158 162 163 164 165 166 167 168 170 171 4142 4143 2890 4210 4599 4601
4513 4514 4931 3953 3954 2298 2299 2300 2301
4148
3744 3745 3302 3303 3304 3305 3306 3307 2842 2843 2844 3743
258 259 260 261 262 2741
776 778 779
2836
3780 3781 3782 3783
3561 1482 1483 1484 2733 1486 1485 561 562 563 564 565 566 2302
2336 2337 2338 2339 4418 3978 3979 3980 3981 2334 2335
4371 4372 4373
961 962 2476 333 334 336 337 2480 338 339 955
2789 1528 73 1129 1529 2894 1520 1521 3698 2099 2100 1525 4564 2103 2104 2105 1050 1531
3748
3864 3862 3863
4677 4678 4679
868
3519
3757
2957 1838 1839 1840 1842 1843 1844
2748 3830 3831
64 65 4488 62 63
4032 4033 4034 4035 4036 4037
3865 3866 3867 3868 3869 3870 3871
4022
4687
1151
2445 2446 2447 2448 2449 2450 1683 1684 1685 2451 23 25 26
3936 3937 3938 3939 4655 48 49 2834 51 2835 53 2838 2837 50 52
2213 2214 1642 1645 1647 2994 2524
4934
2719
2887 311 312 313 314
4278
4809 2324 2325 2326 2327 2328 2329
4329 4578 4577
4952
2880 2881 2882 4675 844 845 4685 403 406 408 1500 1501 1502
2737
4800 3977 3976
2752 2753 2754 2755 2756 2757 2759 3400 2742 2743 2744 2745 2746 2747 2748 2749 2750 2751
3231
2575
1610 1611 1612 1613 1614
4738 4739 4740 4741 4742
3478
2822
3597 305 306 307 308 309 310 2132 4790 4281
607
3681 3682 3684 3686 3687 3688 3691 3692 3693
3877 1416 1659 1660 1661 1662
3266 2979 3267 3269 3270 3272 3755 3276 3277 4628 1720 1721 1722 1723 1724 1725
4390
4152
898 3931 3379 3380 3381 3382 3383 3384 3385 3386 3387 3388 3389
246 247 248 249 250 251
3752
1792 1793 1794 1788 1789 1790 1791
901 903 430 3952 1781
2828 2390 2391 2393 2394 2395
4166 4167 4168 4169 4170 1307 1308
2956 1569 1570 432 433 434 436 440 441 442 1851 444 1853 443 1855 1856 1857 1858 4090 4091 4092
2624 2183 2184 2185 2187
4682
481
3636 3637 3638 3639 3640 3641
3599
3361
2221 2222 2223 2224 2225 2226 2227 2228 2229
3713 3603 4502 4759 4249 4250 4252 82 684 3506 3004 3005 3006 2367 2368 3007 3008 2369 2372 2370 2371 4552 4938 4178 83 84 85 86 4567 87 2135 4566 4565 2788 4071 4841 4970 4843 4844 4845 4846 4718 4847 4842 2039 2040 2041 2042 2043 2558 2559
4201 4202 4203
513 514 515 516 4357 518 4359 2568 2569 4360 519 520 2573 2574 2570 521 3490 3111 517 3374 2921 2922 2923 2926 510 511
1120 1121 1122 1123 1124 1116 1117 1118 1119
2162 2163 2164 2165 2166 2167 2168 4059
2714
1393
4929
1402
4947
1322 3147 1324 3149 1325 3148 1327 3146 1326 4684 1323 4594
1190 1350 1191 1192 1193 1194 4394 3500 4397 4398 4399 4396 4392 3702 1340 1341 1342
1536 1537 1538 1539 1540 1542 1544 3059
904 905 2472 907 908 909 910 906 1977 1978 1979
1410 1413 2150 2152 2154 2155 1196 2157 1197 2159 2160 2161 1195 4788 4823 4824 4825
3714 3715 4165 2096 2097 2098
1929 1930 1931 1932 1933 1934 3252
4776
2854 2855 2856 2857 2858
3226
4785
736 2662 727 268 725 726 3287 728 731 732 733 734 735
4224 4743 655 656 657 4222 3167 4223
4907 4908 77 78 79 80 81 4890 4891
376 882 883 884 885 886 375 920 378 379
2880 2881 2882 2883 2884 4675 844 845 403 404 408 1500 1501
873 875 876 877 879 880
3504 3505 3503
2848 2849 2850 2851 2852 2853
1914
4556
4803
1267
2826
1139 1140 1141 1142 1143 1144 1145 1146 1147 1148
3491
277 279 280 281 282
2179
2188
3712 4832 1922 1923 1924 4520 4521 4880 4211 4212 4214 4215
553 1968 1969 1970 1971 1972 1974 3127 3128 3129 3130 3836
3657 3658 3659 3660 3661
3329
3338
4897
4003
128 130 131 132 2598 2599 2600 2601 3024 3602 2933 2934 2935 2937
980 981 982 983 984 985 1371 1372 1373 1374
4915
2360 2361 1935 1616 1936 2258 1938 2260 1937 2257 1617 2259 2358 2261 2359
1248 1249 1250 1251 4163 1252 1254 4164 4724 1244 1245 1246 1247
699 700 701 702
4560 4561 4562 4563
0 1 2 3 4 5 6 3829 917 920 921
4416 4417 3586 3587 3588 3589 3590 3591 3592 3593 3594 3595
2718
4933
224 225 226 2914 2915 2912 2918 2919 2920 533 221 222 223
4839 488 489 490 491 492 4652 4653
1089 1090 1091 1092 1093 1094 1095 1096 1097 1098 4097 1100 1099
1680 1681 1682
3161 3163
1235
4436 4437 4438 4439
3040 3041 3038 3039
2891 2893
1465 1466 1467 1468 1469 1470 1471
3786 2997 2998 2999 3001
2156
1953 1954 1955 1956 1957 1958
2197 2198 2199 2200 2201 4263 4264 2888 2889 4075 4076 4077 4078 4079 4080 4081 4082 4083 4084 4085 4086 4087 4088
4413 4414 4415
2821
4608 4609 4610 4611 4606 4607
835
4380
3724
2513 2506 2507 2239
326 327 328 329 330 331 332
4645
3751
4192 4193 4187 4188 4189 4190 4191
2668
4865 1226 1227 1228 2713 2715 2716 2717
4654
256 257 252 253 254 255
3576 3577 3574 3575
3998
4066 4067 4068 4069 4070 4422 4026 4027 4028 4029 4030
4892 1737 1738 1739 1489 1490 1714 1713 283 284 285 286 287
4236
4245
2924
471
4016
2629 4365 4366 4367 2548 2549 2550 2551 2552 2553 2554 2555
196 197 198 199 2859 2860 2861 2862 2863 2865 2866 2868 2870 2871 2872 2873 2874 2875
3598
4492
807 808 969 810 811 809 968 970 1045
1383
4353 4354 4355 3268 2760 2761 2762
2170 1339 1333 1334 1335 1336 1337 1338 2171 2172
4928
3845
2295
1568 445
2928 2929 2930 2927
2542
3872
4775
672 673 674 676 677 678 679 669 670
4119 4120 190 193 194 195 3909 3910 4550 3912 3911 3672 3678 3679 3680 2277 2278 2279 2280 2281 4334
2496 2497 2498 2499 2020 2021 2022 2023 2024 2025 2026 4442 2494 2495
3051 3052 3053 3054 3055 3056 2453 2454 3511 3513 4765
3905 3908 3563 3564 1269 2966 1270 2968 1884
4579 585 586 587 588 2581 2582 2583 2584 2585 2586 2173
96 98 99 103 104 2697
3700 3701
3239 3240 3241 3242 3243 3244 3245 3246 3247 3248 3249 3250 3514 3515
864 865 866 867 3112 3113 3114 3115 3116 863
2816
830
4419 4420 4421 134 135 136 137 138 133 4270 4271
2169
4393
4631
2654
1986 1796 1800 1802 1805 1807 3356
439
2663
4649
1415 1417 2004 2005 2006 2007 2008 2009 2010 2011
4812 4813 4815 4816 1565 1566
4002
3754 3569 3570 3571 3572 3573
3846 3847 3848 3849 3850 4927
4893 4894 4895
2263
4905
1039 1040 1041 1042 1043 1044
4487
4613 4614 4615 4616 4617
3664 3662 3663
3009 3012 3013
1349 3501 1351
3184
2290
3611
3665 3666 3667 3668
1280 1281 1282 1283 1636 1638 1639 1640 1641 1276 1277 1278 1279
2537
4096
4761
4114
1152 1153 1156 1159 1161 1164 1167 1168 405 407 795 796 797 798 2880 2881 2882 2883 2884 4675 844 846 1501 1149
3696
4123
3467
2240 2241 3044 3045 3817 3818 2506 3820 2232 2233 2234 2236 2237 2238 2239
825
3432 4937 1515
4370
2820
3074 2896 2897 2898 2899 2900 2901 2902 2903 3774
2616 2617 1754 1755 1756 1757
1506 1507 1508 1509 1510 3721 3089 3090 3091 3092 4887 4888 4889 4668 3357
2516 2517 2518 2519 2520 2521 4829
3723
1715 1716 1717 1718 1719
2649
4635
3328 3330 3327 1850 3324 3325 1628
3290 3019 3020 3021
2985 2986 2987 4762
1397 1398 1399 1400 1401 1403
2667
2905
2720 2721 2722 4962 4951
2560 2561 2562 2563
3024 3602 2933 2934 2935 2936 2937
768 769 759 760 761 762 763 764 765 766 767
3275 3277
4909
278 1459 1460 1461 1462 3403 2403 2404 2405 2406 2407 2408 2409 2410 2411 2412 2413 2414 2415 2416
3681 3683 4228 3684 3686 3687 3688 3685 3692
4160 4161 4162 3955 3956 3957 3958 3959 3961 4538 4221 4158 4159
2932
874 878 1567
1202
1478 1480 1481 1046 1047 1048 409 410 411 412 413 414 415
4509
4697 4698
2908 2909 2910 2911
4423 4424 4425 4426 4427 4428 4429 4430 4725 4726
3075 3076 3077 3078 2120 3787 3788 3789 3790 3791 122 126 127
4633 2062
1885
4194 1418 1419 1420 1422 1423 4914 380 381 382 383
4353 2763 4758 4638 4639
2016 2017 2018 2019 1060 1061 1062 1063 1064 1065 2343 2701 1975 1976 2012 2013 2014 2015
2282 2283 2284 2285
3709
2211 2212 1894 1895 1896 1897 1898 1899 1900 1901
3062
4621
2360 2361 1935 1616 1936 2258 1937 2260 2257 2262 1617 2259 2358 2261 2359
2653
438
4886
2680 2682 4912
4328 3819 3046
2244
3583
2509
3777 3775
2129 2130 2131
4216 4217 4218 4219 4220
1764 1765 1766 1767
963 964 965 966 967 107 108 109 110 2069
4733
3183
4269 3026 3031 3028 3029 3030 3671 3032 3027
1871
2765
1215
4586 4587
340 341 342
960 961 962 2476 2478 334 336 3196 2480 2479 955 956 957 958 959
4039 1772 1773 1774 1775 4238 188 2292 2293 2294 183 184 185 186 187 182 1663
754 755 757 758
150
2136
3695
832 834 1893 818 819 820 821 822 823 3160 824 826 829
2876 2877 2878 2879
1600 4356 1599 3798 3799 3800 3801 3802 447
159
3984 3985 3986 3033 3034 3035 3037
4369
4598
3942
833
1125 3719 1128 3720 1130 1131 1127 2969 2971 2972 2973 2974
1125 1126 3719 3720 2972 1130 1131 1132 3690 1127 2969 2970 2971 636 2973 2974
2630
1362 1363 1364 1365
67 3076 3077 2118 2119 2120 2121 3548 3547 120 121 122 123 124 125 126
4863
2648
1545 1546 1547 1548 1549 1550 3635
3488 1865 1866 1867 1868 1869 1870 4527 4528 4529 2615 3487
4872
3536 338 957 335
4005 4006 3985 1810 1811 1812 1813 1815
671
4454
3551
2666
2230
4881
3808 3861 3803 3804 3805 3806 3807
2913
288 289 290 291 292 293 294 3725 3726 3727 3728 3729
4481
1601
320 321 322 323 324 325 315 316 317 318 319
738 739 740 741 2609
3470 3471 3472 3473 3474 3475 3476 1016
2305 2306 2307 2308 2309 2310 4332 3821 4333 4663
298 299 300 301 302 303 304
4493 4494 4495
3187
4746
1210
3563 3564 3565 4876 3566 3568 3567 1268
2728 646 2726 2727
4324 4325 4326
1985 3653 3654 4229 2481 1982 1983
3699
2802 2803 2804
3043
828
4840
2625
4544 4545 4664 4406 4407 4408 4409 4410 4411 4412
899 901 902 903 4432 1781
1284 1285 4389 4874 2766 2767 2353
1504 1505 1503
3528
4620
4058 3012 3013
1286 1287 1288 1289 1290 4303 4304
3308
4867
2652
2417 2418 2419
4745 2588 2589 4766 4127 3746 3758 3759 4145 4146 4147 3763 4149 4150 3761 3762 2397 2398 2399 2400 2401 2402 869 870 871 872 4330
2112 2113 2795 2108 2109 2110 2111
3578 3579 3580 3581 3582
3793
675
4181 4182 4183
4464 4465 4466 4467 4468 4469
2993 1271 1272 1273 1274
96 97 98 99 100 101 102 103 104 105 106 95
2917
4531 4532 4533 4534 4535 4665 4666 4543
2805 2806
4240 4243 4239
3393
4714
4476
4049
4804 4646 4647 4648 2318 2319 2320 2321 2322 2323 696 697 4443 4444
3411
682 683 684 685 686 687 688 689 2135 4251 4252 4253 2559
1859 1854 2735
3855 2475 3852 3853 3854 1071 1072 1073 2769 3859 148 3856 3857 3858 2296 2297 3851 3860
3945 3946 3948 3949 3950 3951 4122
2346 2347 2988 2348 2349 2989 2990 3133
58 60
3522 2651 1291 1293 1294 1295 1296 2642 2644 2646 4121 2650 1787
800 801 802 803 805 806 3974 3975 4629 2265 799
3188 3189 3190 3191 3192 3193 3194 3195
3042 680 3656 236 237 238 239 240 241 242 243 244 245 3251 2812 2813
4195 1421
2620
4641 112 113 115 1076 1075 854 855 856 857 858 859
1317 1318 7 8 9 10 11 12 1319
3523
13 14 15 16 17 18 19 20
2867
3136 538 4405 534 535 536 537 698
4636 4254 4255
2772 2773 2774
2647
1564
1570 2734 2735 2736 1851 1852 1853 1854
3797
2528 2529 2213 2214 1644 1646 2994 2995 2522 2523 2524 2525 2526 2527
4979 3070
3456 3457 1029 1030 4391 1771 4153
2432 2433 3822 2426 2427 2429 2430 2431
4685 4686
4044
2185 2186 2183
1920 4906 4980 1917 1918 1919
2341 3144 3145 3146 3147 1324 3149 3150 1967 3148 1326 1966 4684 4489
4709
4053
4956
4516 4517 4518 4519
4875 567 568 569 570 571
1491 1492 88 89 90 91 92
4327
3080 3081 3079
1694
2114 2060 2061 2063 1872 1873 1874 1875 1876 1877 1878 1879 1880 1881 1882 1883 2623
3335 3336 3337 2829 2830 2831 2832 2833 1981
1518 1519 658 659 660 661 662 663 664
3785 1174 1175 1176 1177 1178 1179 1180 1181
296 4031 295
4821
1986 1795 1797 1798 1799 1800 1801 1802 1803 1804 1805 1806 1807 1808 3356
1712
1384 1385 1386 1387
1512 1513 1514 1516 1517 1297 1298 1299 1300 1301 1302 1303 1304 1305
3509
353 3747 3749 3750 3767 3439 3440 3441 3442 3443 3444 3445 3446 3447 3448
4848
3527
1454 1455 1456 1457 1458 4916 4822 4921
2086 2087 2088 2089 2090 2091 2092 3131
896 897 892 893 895
894
2435 2444 2710 3932
3264 3265 3263
66 68 69 4789
1186 1187 900 1188 422 423 427 2508 429 2510 431 2512 2511 4432
4166 4167 4169 1306 1307
4048
1833
512
3650 3651 3917 3918 3919 3920 1686 1687 1688 1689 1690
4208 4207
1424
4969
2468 524 525 3893 1785 4954 4955
4042 4431
1056 1057 1058 1059 3433 3434 3435 3436 1052 1053 1054 1055
2340 2342 3663 3151 4604
3082 3083 3084 3085 1776 1777 1778 1779
4805 4806 4807 1544 1543 4435 3060 4830
1015
2345
4331
484 486 3703 2056 487 3704 3705 151 152 153
780 781 782 783 784 881 786 787 785
2122 2123 2124
377
1449 1450 1451 1452 1453 2482 2483 2070 2071 2072 2073 2074 2075 2076
4007 4008 4009 4010 4011 4012
4834
2619
3760
3531
1316
4343 4344 4345 4346 4347 4348
812 813 814 815 816 3538 3539 3540 3541
4546 4547 4548 4549
4835 4836 4581 4582 4583 4584 4585 3162 3164
4336 4337 4338 4335
4681
2466
4690
3796
4699
114 1075 1074 111
2178 2180 2181 3995 3996
498
1952 1134 1135 1136 1137 1138 1947 1948 1949 1950 1951
3778 3779 3152 3153 3154 3155 3156 3157 3158 3159
4939 4940 4941 4966
1696 3708 2770 2771 2775 2776 2777 2778 2779 2780 3710 1695
544 4339 4340 4341 539 542 4671
4946
4964
640 641 642 639 1049 1050 1051 1533 3878 1534 3879 3880 3881 3882 3773 836 837 708 71 72 73 74 75 76 635 1129 4458 4459 4460 1520 1521 1522 1523 1524 1525 1526 1527 1528 1529 1531 1532 637 638 1535
2027 2028 2029 2030 2031 2032 2033 2034 2035 2036
2093 2094 2095 343 344 345 346 347 348 349 350 351
3512 3513 604 606
3010 3011 3309 494 495 496 493 948 949 950 951
3652
4322 4323 2420 2421 2422 2423 2424 2425
609 610 611 612 613 1025 615 616 617 618 1026 620 614 619 1551 1552
3945 3947 3948 3949 3950 3951 4122
4811
2808 2809 2810 2811
3086 3087 3088 3483 3484 3228 3486 3485 3232 3230 4911 4537 4826 230 231 232 233 234 235
3508
3400 2746 2755 3399
1784 522 523 2468
4060 4061
3840 3841 3842 2064 2065 2066 2067 1171 2068
3526
3764
3392 1396
1987 1988 1989 1990 1991 1992 1993 1994 1995 1996 3405 1998 1999 1997 3390
4960 4961 4959
2178 2892 1243 3375 3376 1242 635 636
2443
228
4667
2452
2957 1838 1839 1840 1841 1842 1843
4676
3072 3073 2959 2960 2961 2962 2963 2964 2965 3071
832 3401 3402 817 824 819 820 821 822 823 3160 826 829 831
3126
1411 2151 4744 1196 1197 173 175 176 174 2158 172 1463
911
3135
2052
1088 2473 2474 1080 1081 1082 1083 1084 1085 1086 1087
2177 900 1553 1554 1555 1556 1557 1558 1559 1560 1561 1562 1563 2081 2082 35 420 419 38 423 1189 36 426 427 428 1188 37 431 429 34 4040 422 2508 2511 1186 1187 3047 3048 3049 3050 1780 1782 1783
3363 3364 3365 3366 3367
507 508 509
4920 2202 2203 2204 2205 2206
3620
4047
4868 4869 4296 4522 4523 4524 4525 3502 1939 1940 1941 1942 1943 1944 1945 1946
4950
3391
2784 2785 2786 2787 2141 3605 2781 2782 2783
1414
93
2982
353 355 3767 3439 3440 3442 3443 3444 3445 3446 3447 3448
3220
3921 3922 3923 3924 3925
526 527 528 529 530 531 532
4001 3254 3260 3261 3262
1902 1903 1904 1905 1906 4760
2000 2001 2002 2003
2344
1818 2331 1820 2333 1819 2975 2976 1823 1824 1825 1828 1829 1830 1827 2614 2248 2249 1821 2330 2332 1110 1111 1112 1113 1114 2907 1115 2906 4317 2904 2807
928 3310 922 923 924 925 926 927
4321 1954 709 1958 710 711
3494
2182
3828 3829 918 919 3068 3069
4177
4985 4986 4987
3521
712 713 714 715 716 717 1359 1360 1361
3350 3351 3352 3353 3354 3355
3296 3297 4866 4455 4456 4457 3291 3292 3293 3294 3295
2707 2708 2709 3630
4015
479
4918
4262
1809
4689
737 738 739 740 741
1391
497
4056 4057 4054 4055
4936
4942 4943 4944 4945 788 1173 789 791 792 793 794 790 1172
3624
2303
4769 4098 4099 4771 4100 4770 1832 1834 1835 1836 1837
952 953 954
4298
4536
4448 4449 4450 4451 4878 4446 4447
3648 3649 4791 4792 3215 3216 3217 3218 3219 1620 1621 1622 1623 1624 1625
4248 4246 4247
4554
3492 552 3976 3977 555 556 554 558 559 560 557 1973
2815
1347 1348 361 362 363 364 365 3437 367 368
3907
1921
3994 3756 1472 1473 1474 1475 1476 1477 3021 2382 3022 2384 3023 2383 2387 2386 2385 1629 4445 1631 1632 1633 1634 1635 1630 1653 1654 1655 1656 1657 1658 4094 4095
2824
4383
3489
4810
4768 1220 1221 2565 1222 1224 1223 1225 2566 2564 4851 2940 2941 2942
2363 2364 2362 1915 1916 2365 2366
3057 3058 1587 1588 1589 1590 1591 1592
621 622 623 624 625
718 719 720 721 722 723 724
3312 3313 3314 3315 3316
1530
1312 1313
3673 3674 3675 3676 3677
2144 2145 2146 2147 2148 2556 3421 3422 2143
1699 1700 1701 1702 1703 1704 1705 1706
1536 1540 1541 1542 1544
227
1786
384 385 386 387 388 389 3238 391 392 393 390 395 396 397 3694 394 398
4704 4705 4706 4707 4708 4701 4702 4703
4904
4913
1377
3601
192 3940 3941 189 191
2051
1395
544 539 541 543
4374 4375 3736 3737 3738 1203 1204 1206 1207 1208 1209 1211 1212 1213 1214 1217 1218 1219 2254 2255 2256
4691 4692 4693
2729 2730 2731 2732
4496 4497 4498 4499
2981
2455 2456 3999 3618 3619 3621 3622 3625 4013 4014 4154 4808 1352 1353 1354 1356 1355 1357 1358 4311 3175 3177 3178 3179 3181
4261 2996 2841 2845 2846 2847
643 644 645 646 2727 648 649 2728 651 652 650 653 647 3311 2133 3771 3772
4280 4279
2572
1907
1593 1594 1595 1596 1597
2688 2689 2690 3497 3498 3499 1744 1745 1746 1747 1748 1749 1750 1751 1752 1753 2684 2685 2686 2687
2819
937 938 939 1077 1078 1079 3134
3722
1891 3493 3210 3211 3212 3213 1648 1649 1650 1651 1652
352 354
3898 3899 3900
4634
4605 3610 2723 2724 2725 3669 3670 215 216 217 218 219 220 1244 1249 3452 3453 3454 3455
2428
4551 3739 3740 3741 3742
3331
2790 3823 1237 1238 1239 1240 1241
2675
3340
4899
3632 3633 3631
3138 3139 3140 3141 3142 3143 756 4125 4126
3395 3396 3397 3398 4751 4752 4625 4626 4627
4230 3468 3469 2207 2208 2209 2210 1598 447 448 449 450 451 452 453 454 455 446 2527 2273 2274
589 590 591 592 593 594 595 596 597
3358
2275
4778 4779 4780 4781 4782 4783 4784
3843
4935
2080 2077 2078 2079
4747 4748 4749 4974 3731 3732 4757 3734 3733 4756 4989 4831
2958
3623
2967
4896 1412 2151 3784 4744 172 1197 173 175 176 174 2158 2577 1463 1464
4764
1368 1369 1370
3832 3833 3834 3835 3837 3838 3839
1066 139 140 141 142 143 144
2567
3132 4093 1432 1433 1434 1435 1436 1437
1009 1010 1011 1013 1014
545 546 547 548 549 550 551
2814
456 457 458 459 460 461 462 4630 3002
2149
1264
1255
3717
1216 2254 1205 1207 1208 1209 1213
3061
847 848 4113 850 851 852 853 1366 849
1615 1935 1617 1618 1619 2938
4400
4482 4483 4484 4485 4486
437
3982
3200 3201 3202 3203 3204 3205 3206 3207 3208 3209 4932 4558 3197 3198 3199
2661
4642 4643 4644
3326
2213 2214 1642 1643 1647
4000
4903
4196 4197 4198 4199 4200 4902 3000
3360 3873 3874 2083 2084 3875 3876 2085 1199 1201 3359
4228 3685 4901 3688 3691 3693 4526 4440 4441
729
2176 1959 1960 1961 1962 2173 2174 2175
1024 4434 4500 4501 2396 2392 1017 1018 1019 1020 1021 1022 1023
3913 3914 3915 3916 4184 4185 4186
3182
4294 4295 4710 4988 4975 4976 4242 4244 4796 4797 4798 4799
4568 4569 4570 4571 4572 4573
940 941 942 943 944 945 946 947
936 934 935
4882 4883 4884 4885
544 4650 4272 4273 4274 4275 4276 4277 3516 540 3517
3481 3482 3477 3479
1888
4777
683 2134
1479
3689 3562 2955 1229 1230 1231 1232 1233 1234 2611 2612 2613 4179 3934
4640 3368 3369 3370 3371 3372 3373 4285 4286
4368
2153
2373 2374 2375 3496 2377 3495 2379 3596 2378 2380 2223 2381 2376
2796 2797 2798 2799 2800 2801
2705 604 605
2827
4624
929 930 931 932 933 4112
4395
1732 1733 1734 1735 1736 2189 2190 2191 4857 4858
4898
2215 2216 2218 2219 2220 2895 4144
4480
2691 2692 2693 2694 2695 2696 3117 3118 4180
2500 2501 2502 2503 2504 2505 2991 2992 3003
4672 4673 4674
4539 4540 4541
2488 2484 2485 2486 2487 3766 2489 2490 2491 2492 2493
2272 4772 4773 4879 3507 2266 2267 2268 2269 2270 2271
4793 4794 4795
2939
4680 4312 4313 4314 4315 4316
3176 3180
3186
2633 2634 2636 2638 2639 2640 4503 4504 4505 4506 4507 4508
4489 1963 1964 1965 1966
2704 2702 2703
4854 4728 4729 4730 4731 4732
2789 2099 2100 2101 2102 2105 3997
4763
1892
2557
3707
827
154 155 156 157 158 162 164 165 166 167 168 2217 170 171 169 2350 2351 4143 2895 3174 4210 4599 504 4601 506
32 33 27 28 29 30 31
3716
4619
3298
1344 1345 1346 1321 1258 1259 1260 1261 1262 1263 4302 2291 1343
3300 2250 2251 1580 1581 1582 2253 1584 1585 1583 2252
3616 4265 1740 1741 1742 1743 3612 3613 3614 3615
4917 4838
4237
2916
3532 3533 3534 3535
4475
2925
3165 3166
