1408 1402 1404 1405 1407
2080 2081 2082 2079
482 1156 1157 1158
1201 1203 1204 1205
1090 1711 1712 1713 348
687 688 689 691 693 1434 1435
1878
947 948 949 950 951 952
273 270 271
160 161 162 163 164 165 166
1011 1012 1013 1014 1015 1016 1017
1249 1250 1251 1252 1253 1254
2330 2331 2332 2333 2334 2335
1928 1929 1930 1931 1932 1933 1934 1935
1087
1605 1606 1609 1610 1611 1612
1992 1993 1994 1995 1996 1997 1998
1813 1814
1328 1329 1330 1331 1332 1333 1334 1335 1336 1337 1338 1339
86 87 88 89 90
1248 1242 1243 1244 1245 1246 1247
2067 2068 2069 2070 2071
1112 1110
2195 2196 2132 2197 2134
1256 1257 1258 1255
278
640 631 632 633 634 635 636 637 638 639
2437 2438 2439
1083 1084 1085 1086
704 1651 695
1490 1491 1492
1464 1463 472 473 474 475 476
1613 1614 1615 1616 1617 1618 1621
418 419 420 421 422 423
1226
1312 2304 2305 2307 2306 2308 2303
902 903 904 905 906 732 734
1738
2456 2457 2458 2459 2460 2461 2462
523 525
2 3 4 5 6 7
744 745 746 747 748 749
1840 1841 1842 1843 1844 1845 1846
1603
1410 2245 2246 2247 2248 2249 266 267 2250 269 2251 2252 272 2253
2315 2311
1868 1869
1960 1961 1962 1963 1964 1965 1966 1967 1968
2115
1740 1742 1743 1744 1745 1746 1747 1751
294 279 280 281 282 283 284
1092 1093 1094 1095 1096 1097 1098
2011 2012
731 733 735
2125 2126 2127 2128 2129 2130
672 673 675 676 671
2163 2164
424 425 426 427 428 429 430
1499 1500 1501 1502 1503
725 726 727 728 729 730
1936 78 79
2120 2121 2122 2123 2124 1870
1893 1894
268
933
2492
8 9 10 11 12 13 14 15 16 17
1834 1835
583 585 586 587 588
1071 1072 1073 1074 1075 1076 1077
2092
1436
157 158 159
1970 1971 1972 1973 1974
1159 1160 1162 1163 1164 1265 1266 1267 1268 1269
1668 1669 1670 1671 1672 1673 274 277
2051 1475 2052 2053 2054 862
289 290 291 293
323 324 325 326 327 328
69 71
983 984 985 986 987 988
82 84 85
2366
1710
1600 1601 1602 1596 1597 1598 1599
1280 1281
1516 1518 1519
1728
696 697 698 699 700 701 702 703
690 692
1592 1593 1590 1591
1872 1873 1874 1875 1876 1877
1975
753 754 755 756 757 758
2096 2078
2220 2221 2222 2223 2224 2225
1282 1283 1284 2089 2090 1227 1228 2091 2094 2186 2188 2093 2075 2076 2077
512 513 514 509 510 511
1323 1324 1325 1326 1327 1941 1942
544 545 546 547 541 543
550 551 552 553 554 555
2087
2350 2351 2352 2353 2354 2355
1688 1701 1702 1687
1969 1652 1653 1654 1655 1656 1657 1658 1659
96 97 98 93 94 95
2118 2119
1766 1767 1768 1769 1770 1771
2346 2347 2348 2349
242 243 246
1103 1104 1105 1106 1107 1108 1109
2210 2211
1714
532 533 534 536 537 538 539 540
2060 2063 2064 2065 2066
2450 2451 2452
2135 2136 2137 2138 2139 2140
1561
208 209 210 211 212 213
914
715 716
431 432 433 434 435 436 437
376 377 378 379 380
2448 2449 2447
1056 1057 1058 1053 1054 1055
83 789 790 791 792
1493 1494 1495 1496 1497 1498
887 888 889 890 891 892 893 894
2336 2337
2329
1999 2000 2001 2002 2003
1792 1025 609 1794 1793 1196 990 1791
2422 2423 2424 2425 2426 2427
1923 1925 1926 1927
2436 2443 2444 2445 2446
590 591 592 593 594 595
359 360 361 364 365 366
1879 1880 1881 1882 1883 1884
1922 1924
104 105 106 107 108 109
110 112 114 115 116 117 118 119 120
1169 1170 1171 1172 1173 1174
346 347
2058 2059
91
1944 1945 1035 1943
1065 1066 1067 1068 1069 1070
2410 2411 2412 2413 2414 2415
139 140 141 142 143 144 145
1359 1360 1361 1362 1363 1364 1365 1366
2240 2241 2242 2243 2244 2239
146 148 149 150 151 152 153 154
352 353 354 355 356 349 351
1608 1607
646 647 648 649 650 651
1721 1722 1723 1724 1725 1726
170 171 172 173 174 175
998
1729 1730 1731 1732 1733 1734
2356 2357 2358
2218 2219
1622 1623 1624 1625 1626 1627
244 245 247 248 249 250 251
2342 2343
625 626 627 628 629 630 820
32 33 34 35 36 31
677 678 679 680 681 682
1166 845 846 1165 848 847 850 851 852 853 1078 1079 1168 849 1082 1167
2440
1888 1889 1890 1891 1885 1886 1887
1847 1850 1851 1852 1853
556 557 558 559 560 561 562 563 564
490
2165 2166
2479 2480 2481 2482 2483 2484 2491
299 300 301 302 303 304 305
37 38 39 40 41 42 43 44
133 134 135 136 137 138
2314
992 993 994 995 996 997
515 516 517 518 519
1088 1089 1091
1270 1271 1272 1273 1274 1275 1276 1277 1278 1279
1554 1555 1556 1557 1558 1559 1560
2039 2040 2041 2042 2043 2044
2476 2477 2478
2401 2402 2403 2405 2406 2407 2408 2409 2397
45 46 47 48 49 50
2435
1304 1306 1307 1308 1309 1310
2026
441 442 443 444 445 446
2160 2161 2162
288 292 285 286 287
968 969 970 971 972 973
1388
2232 2233 2234 2235 2236 2237 2238
705 706 707 708 709 710 711 712
1795 1796 1797 1798 1799
1218 1221 1222
1749 1748 1741 1750
261 262 263 264 265 2010
1772 1773 1774 1775 1776 1777 1784
2178 2179 2180 2181 2182 2183 2184 2185 2174
2378 2379 2380 2382 2384
367 368 369 370 371 372 373
397 398 399 400 401 402
2368 2369 2370 2371 2372 2373 2374 775 2375 2376 2377 2367
684 686
1229 1230 1231 1232 1233 1234
2021 2022 2023 2024 2025
2176 2175
471
1920 1921 1916 1917 1918 1919
1000 1008 1006 1007
440 438 439
2286
1836 1837
70 72 1042 1043 1044 1045
619 620 621 622 623 624
1953 1954 1955 1956 1957 1958 1959
64 65 66 67 68 63
1904
2113 2114 2109 2110
1161 2287
501 502 503 504 505 506 507 508
839 840 841 842 843 844
808 809 810 811 812 974 815 814 975 978 979 818 816 980
1191 1192 2441 1194 1193 2442
1815 1816 1143 1144 1145 1146 1147 1148 1149
870 871 296 872 295 873
937 938 939 940 941 942
1369
2034
1440 1441 1442 1437 1438 1439
1387
1125 1126 1127 1128 1129 1130 1131
18 19 20 21 22 23
1976 1977 1978 1979 1980 1981
1465 1466 1467 1468 1469 1470
1529 1530 1527
1483 1484 1485 1486 1487
908 909 910 911 912 913
596
494 495 496 497 498 499 500
1520 1521 1522 1523 1524 1525 1526
1817 1818 1819 1820 1821
1737
306 307 308 309 310 311 312
2061 2062
2212 2213 2214 2215 2216 2217
1352 1353 1354 1355 1356 1357 1358
1034 1036
1403 1406
896 897 898 899 900 901 895
1389 1390 1391 1392 1393 1397
1620
1629
982
184 374 183
752 750 774 751
73 74 75 76 77 80 81
1778 1779 1780 1781 1782 1783
582
1715 1716 1717 1718 1719 1720
1937 1938 1939 1940
2312 2313
461 462 463 464 465 466
2257 2258 2259 2260 2261 2262 2263 2264
685
447
1824 1825 1826 1827 1822 1823
1259 1260 1261 1262 1263 1264
1665 1666
694
1952 944 1949 1950 1951
1905 1903
1197
2144 2145 2146 2141 2142 2143
188 189
1871
612 613 614 615 616 617 618
1488 1489
945 946 943
2385 2386 2387 2388 2389 2390 2391 2392 2393 2394 2395 2396
168 169 1735 167
1736
1504 1505 1506 1507 1508 1509
2048 2049 2050 2045 2046 2047
1764 1765
1175 1176 1177 1178 1179 1180
1382 1383 2032 2033 1784
1760 1755 1757 1758 1759
768 769 770 771 772 773 767
880 881 882 883 884 885 886
1316 1317 1318 1319 1320 1321 1322
1568 1569 1570 1571 1572 1573 1574 1567
2470 2471 2472 2473 2474 2475
800 801 802 803 804 805 806 807 799
1906 1907 1908 1909 1910 1911 1912
1447 1448 1449 1450 1451 1452
2322 2323 2324 2325 2326 2327 2328 1756
1575 1576 1577 1578 1579 1580 1581 1582 1583 1584 1585 1586 1587 1588 1589
1619
963
2095
2226 2227 2228 2229 2230 2231
1895 1896 1897 1898 1899 1900 1901 1902
1417 1415
1210
1367 1368 1370 1371 1372 1373
99 100 101 102 103
2097 2098 2099 2100 2101 2102
2167 2168 2169 2170 2171 2172
819
2189 2190 2191 2192 2193 2194
1314 1315 1311
608 610 611
1313
2103 2104 2105 2106 2107 2108
338 339 340 341 342 343 344 345
736 737 738 739 740
1041 1038
214 215 216 217 218 219 220
128 129 130 131 132 127
1344 1345 1340 1341 1342 1343
1384 1386
1099 1100 1101 1102
1562 1563 1564 1565 1566
1288 1287
320 321 322 907 307 319
1059 1060 1061 1062 1063 1064
1152 1153 1154 1155 1150 1151
1848 1849 1892
1132 1133 1134 1135 1136 1137 1138 1139 1140 1141 1142
1120 1121 1122 1123 1124 1119
915 916 1752 1753 1754
1458 1459 1460 1461 1462
665 666 667 668 669 670
1394 1395 1532
2464 2465 2466 2467 2468 2469 2463
526 527 528 529 530 531
1182
741 742 743
1217 1219 1220 1223 1224 1225
535
854 855 856 857 858 859 860
1289 2485 2486 2487 2488 2489 2490
2359
832 827 828 829 830 831
1398 1399 1400 1401 1111
409
448 449 450 451 452 453 454 455 456 457 458 459 460
2085 2086 917 918 919 920
2035 2036 2037 2038
2381 2383
864 861 863
1594 1595
2496 2497 2498 2499 1528 2493 2494 2495
1195 989 1198 991
156 147 155
1184 1185 1186 1187 1188 1189 1190 1181 1183
674
1785 1786 1787 1788 1789 1790
565 566 567 568 569 570
176 177
1635 1636 1637 1638 1639 1640
480 483 484 485 486 683 477 478 479
759 760 761 762 763 764 765 766
1536 1537 1538 1539 1533 1534 1535
1680
1804 1805 1806 1807 1808 1809
390 234 235 236 237 238 239 240 241
113 111
1113 1114 1115 1116 1117 1118
578 579 580 1604 581 1838 1839
874 875 876 877 878 879
2316 2317 2318 2319 2320 2321
394 178 179 180 181 182 185 190
275 276
1703 1704 1705 1706 1707 1708 1709
1829 1830 1831 1832 1833
1216 1211 1212 1213 1214 1215
1472 1473 1474 1471
1199 1200 1202 1206 1207 1208 1209
865 866 867 868 869 1039 1040
1810 1811 1812
1046 1047 1048 1049 1050 1051 1052
641 643 644 645
2088 2360 2361 2362 2363 2364 2365
55 56 57 58 59 60 61 62
1305 1828
1547 1548 1549 1550 1551 1552 1553
576 577 571 572 573 574 575
1080 1081
358 357 350
1037
2187
1664 1667 1660 1661 1662 1663
1531
597 598 599 600 601
928 921 922 923 924 925 926 927
1984 1985 1986 1987 1988 1989 1990 1991 1982 1983
121 122 123 124 125 126
1396
520 521 522 524 51 52 53 54
294 1800 1801 1802 1803 467 468 469 470
1443 1444 1445 1446 1913 1914 1915
2173
1028 1029 1030 1031 1032 1033
584 589
1856 1857 1858 1859 1860 1854 1855
2055 2056 2057 2254 2255 2256
821 822 823 825 826
1761 1762 1763
2416 2417 2418 2419 2420 2421
403 404 405 406 407
2004 2005 2006 2007 2008 2009
2281 2282 2283 2284 2285
1456 1457
717 718
1235 1236 1237 1238 1239 1240 1241
2295 2296 2297 2298 2299 2300
2154 2155 2156 2157 2158 2159
416 417 408 410 411 412 413 414 415
1027
2147 2148 2149 2150 2151 2152 2153
1018 1019 1020 1021 1022 1023
2177
481 482
2288 2289 2290 2291 2292 2293 2294
1290 1291 1292 1293 1294 1295 1296 1297
384 385 386 381 382 383
2027 2028 2029 2030 2031
2208 2209 999 1001 1002 1003 1004 1005 2203 2204 2205 2206 2207
224 225 226 227 228 229 230 231 232 233 221 222 223
776 777 778 779 780 781 782 783 784 785 786 787 788
1674 1675 1676 1677 1678 1679
1427 1428 1429 1430 1431 1432 1433
833 834 835 836 837 838
1413
92
395 396 313 314 315 316 317 318
2272 2273 2274 2275 2276 2277 2278 2279 2280 2265 2266 2267 2268 2269 2270 2271
1681 1682 1683 1684 1685 1727
1510 1511 1512 1513 1514 1515 1517
1298 1299 1300 1301 1302 1303
719 720 721 722 723 724
392 393 391
1418 1419 1420 1421 1422 1423 1424
976 977
1376 1377 1378 1379 1380 1381 1374 1375
817 813
1024 1026
487 488 489 491 492 493
297 298
981
960 961 962 964 965 966 967
2344 2345 1453 1454 1455
1540 1541 1542 1543 1544 1545 1546
2112 2111
192 193 194 195 196 197 198 199 200 201 202 203 204 205 206 207 191
362 363
2131 2133
1409 1410 1414 1628 1630 1631
602 603 604 605 606 607
387 388 389
1476 1477 1478 1479 1480 1481 1482
329 330 331 332 333 334 335 336 337
656 657 652 655
375 24 25 26 27 28 29 30
1385
953 954 955 956 957 958 959
1641 1642 1643 1644 1645 1646
2338 2339 2340 2341
1650
186 187
642 1647 1648 1649 1010 1009
793 794 795 796 797 798
1411 1412
1861 1862 1863 1864 1865 1866 1867
1416 2198 2199 2200 2201 2202
1632 1633 1634
1946 1947 1948
2083 2084
1346 1347 1348 1349 1350 1351
929 930 931 932 934 935 936
548 549 542
658 659 660 661 662 663 664
1285 1286
2309 870 2310 2072 2073 2074
2116 2117
0 1
2208 2209 824 2203 2204 2205 2206 2207
2016 2017 2018 2019 2020 2013 2014 2015
2400 2404 2398 2399
1696 1697 1698 1699 1700 1686 1689 1690 1691 1692 1693 1694 1695
1739
653 654
2301 2302
256 257 258 259 260 252 253 254 255
713 714
1425 1426
2453 2454 2455
2432 2433 2434 2428 2429 2430 2431
