3464 3462
3424 3425 3426 3427 3428 3429 3430 3423
4856 4855
928 480 930 931 932 933 934 2542 2543 2544
2976 2973 2975
1400 3378 1387
4093
4386 4290 4387 4292 4388
4360 4359
4150 4151 4152 4153 4154 4155
1866 1867 1868 1869 1870 1871 1872 1873
1110 1112 1113 1114 1115 1116 1117 1118
935 936 937 938 939 940
1765 1766 1767 1768 1769 1770
2914 2915 2916 2917 2918 2919
1312 1313 1314 1315 1316 1317 1311
3186 3187 3188 3189 3190 3191 3192 3193 3194 3195 3196 3197 3198 3199
822
493 494 495 496 497 498
4946 4947 4506 4507 4508 4509
3016 3017 3018 3019 3020 3021 3022 3023 3024 3025
4640 4641 4642 4643 4644 4639
1625 1626 1627 1628 1629 1630 1631
1260 1261 1262 1263 1264 1265 1266
2729 2730 2219 2732 2731
3712 3723 3711
1624 1622
4896 4897 4898
4632
3948 3950 3943
4110 4111 4112 4113 4114 4115
4242 4243 4244 4245 4246 4247
3204 3205
2048 2049 2050 2051 2052 2053 2047
340 341 342 343 3256 3257
3573 3574 3575 3576 3577 3578
19 20 21 22 23 24 25 26 27 28
3875 3876 3877 3878 3879 3880 3881 3882
645 646 647 648 649 650 651 652
3520 329
4143 4144 4145 4466 4467 4468
2008 2009 2010 2011
2273
4580 4581 4582 3238 4583
4079
4130 4131 4132 4133 4134 4135
4376 4378 4228
3645 3725
1030 1031
4236 4237 4238 4239 4240 4241
2060 2062
3840 3841 3842 3837 3838 3839
3279
2435 2436 2437 2438 2439 2440
4195 4196 4197 4198
2802 2803
3496 3401 714 715 716 717 718 3497 3065
1783 1780 1781 3350 3351 1782
4847
148 149 150 151 152 153 154 155
3248 3250 3251 3252
4609
4248 4249 4250 4251 4252 4253
4358 4364 4365 4366 4367 4368 4369 4370 4371
1428 1429 1430 1431 1432 1433
2381 2382
4352 4353 4354 4355 4356
4971 4972 4973 4974 4975 4976 4977 4978 4979
3703 3704 3705 3706 3707 3708
233 235 236 237
992 993 994 995 996 997 998
1976 1971 1975
2384 2385 2386 2387 2388
744 745 746 747 748 749
87 88 89 90 91 92 151
2592 2593 2589
4179 3587 4180 4181
2776 2777
2255 2256 2258 2259 2260 2263 2264 2265 2268 2269
2733 2735 2736 2738 2739
2921 2923 2924 2938 2939 2940 2941
3568 3569 3567
1176
3171
1010 1011 1012 1013 1014 1015
1859
3451 3452 3437 3438
538
518 519 521 4457 4458 524 4459 4460 4461 4462 4463 4464 4465 2775
2066 2067 2068 2069 2070
2487 2489 2477 2478 2479 3153 3154 3155 3156 2485 3158 3159 2488 3157 2490 2486
1460 1461 1462
1842 1844
2371
1304 1305 1306 1301
3843 3844 3845 3846 786 789 790
2380
4430 4431
4384 4385 4380 4381 4382 4383
271 272 273 274 275 276 277 278
112 113 114 115 116 117
1097 1098 1099 1100 1101 1102 1103
4618 4619 4620 4621 4622 4623
4842
3980 3981 3982 3983 3984 3985
2125 2126 2127 2128 2129 2130
3395 3396 3397 3398 3399 3400 526 529
4288 4283 4284 4285 4286 4287
3360 3361 3362 3363 3364 3365 3359
680 681 682 683 684 685 686
1600 1601 1602 1603 1596 1597 1598 1599
2121 2124 2747 2748 2749 2750 2751
4660 4661 4662 4663
1424 1425
4504 4505
4217 3667
4328 4329 4330 4331 4332 4333
3683 3684 3685 3686 3687
1890 1891 1892 1893 1894
1104 1105 1106 1107 1108 1109
2560 2561 2554 2555 2556 2557 2558 2559
2673 2674 2675 2676 2677 2678 2679 2680
3929 3930 3931
3824 3825 3826 3827 3828 3829
2754 2755 2756 2757 2758 2759
3866 3778 3779
667 668
2977 2980 2981 2982
4493 4494 4495 4496 4497
4404 4405
3488 2165 669 3486 3487
3436 3439 3440 3441 3442 3443 3444 3445 3446 3447 3448 3449 3450
4857 4858 4859
2083
877 878 879 880 881 882 883
3413
3906 3908
1737 1738 1739 1740 565 566
3422
608 609 1824 610 587 660 661 662 663 664 665 666 607
4981
1990 1991 1992 1993 1994 1997 687 690 691
4040 4041 4042 4043 4044 4045
3920 187 188
1450 1452 1454
457 458 459 460 461 782 462 463 464
3617 3618 3619 3620 3621
4589 4590
4828
3264 3265 3258 3259 3262 3263
3278
821 823 824 825 826 827 828 829 830
4846
3299 3301 3302 2774 2775 2779
552 553 554 556
4768 4765 4766 4767
3311 3312 3313 3314 3315 3316
1938 1939 1940 1942 1943 1944 1945
4210 4211 4212 4213
3478 3479 3480 3481 3482 3483 3484
2312 2313 2314 2315 2316 2317
2864 2862
3394 3387 3388 3389 3390 3391
451 452 453 454 455 456
3281 3284 3286 3288 3289 3290 3291 3292
4591 4592 4593 3666 4595 3665 3669 4594 4884 4216 4218 4219
1874 1875 1876 1877 1878 1879 1880
1123 1124 1125 1126 1127 1128 1129 1130 1131
1166 1167 1168 1169 1170 1171
4021 4022 4023 4024 4025 4026
3809 3816 3817 3818 3819 3820 3821 3822 3823
1576 1580
3831 3832 3833 3834 3835 3836
4517 2327
3370 3371
2480 2481
2647 2648 2649 2650 2651 2652
3798 3799
3143 3144 3145 3146 3147 3148 3149
736 737 733 734 735
833 834
96 97 98 99 93 94 95
465 467 468 469 473 474
4160 4161 4162 4163 3894 3896
2227 2228 2229 2230 2231 2232
1888 1889 1881 1882 1883 1884 1885 1886 1887
512 504 505 506 507 508 509 510 511
3951 3952 3953 3954 3955 3956
2691 2692 2693 2694 2695 2696 2697 2698
3133 3134 3135
914
832 835 836 837 838 831
2514 2515
531 532 533 534 535 536
1093 3860 3861 3862 3863 3864 3865
4336 4334 4335
4185 4186 4187 4188 4189 4190
4881 4882 4883
4208 4209
167 168 169 170 171 2476
1747 1748 1749 1750 1751 1752 1753 1754 1755 1756 1757
2218 2220
4840 4841 4839
4074 4075 4076 4077 4078
4611 4612 4613 4614 4615 4616 4617
3668
4672 4673 4703 4720 4702 4671
4709 4710 4711 4712 4713 4714 4715 4716 4717 4718 4719 1521
3461 3463 3051 3053 3054
986 987 988 989 990 991
1644 1645 1646 1647 1648 1649
3713 3714 3715 3716
2432 2433 2434 2426 2428 2429
160 161 162 156 157 158 159
2912 2913 2908 2909 2910 2911
2101 2102 2103 2104 2105 2106 2107
4728 4729
960 961 962 963 964 965
3681 3682 2292 2293 2294 2295 2296 2297 2298
4584 4585 4586 4587 4588
999 1000 1001 1002 1003 1004 1005 1006
216 217 218 219 220 221
2857 2858 2859 2860 2861
2281 2282 2283 2284 2285 2286 2287 2288 2289 2290 2291
4048 4049 4050 4051 4052 4053 4054 4055
1060 1061 1062
2521 2522
3524
1300
2114 2115 2116 2117 2118 2119
4192 4193 4228 4229 4230 4232 4233 2442 2443 2516 2517 2518 4191
72 71
3525 3526 3527 3528 3529 3530
2613 2614
4784 4782
4653 4173
4293 4294 4295 4296 4297 4298
1803
1147
4480 4481 4482 4483 4484 4485 4486 4487 4488 4489 4490 4491 4492 4477 4478 4479
1696 1697 1698 1692 1693 1694 1695
4322 4323 4324 4326
864 4016 4017 4018 4019 4020
640 641 642 643 644 636 637 638 639
261 262 263 265 266 267 268 269 270
3509 3510 3511 3512 3513 3514
3601 3602 3603 3604 3605 3606
1568 1569 1570 1561 1562 1563 1564 1565 1566 1567
586 587 588 589 590 591 592
4848 4849 4850 4851 4852 4853 4854
2347 2348 2349 2350 2351
4266 4267
689 692 693 694 695 696
4815 4816 4817 4818 4819 4820
2746 2743
3345 3346 3347 3348 3349
2324
2874 2875 2876 2877 2878 2879
4202 4203 4204 4205 4206 4207
1845 1846 1847 1848 1849 1850
1714 1715 1716 1717 1718 1719
3721 3717 3718
4432 4433 4434 4435 4436 4437
2242 2243 2244 2245 2246 2247 2248
3670 3671 3672 3673 3674 3675
1088 1089 1090 1084 1085 1086 1087
424 719 720 721 722 723
198 691 3544 1307 1308 1309 1310
32 33 34 29 30 31
4379 1965
4148 4149
1455 1456 1457 1458 1459
1035 1036 1037 1038 1039 1040 1041
4602 4603
3730 3731 3732 3733 3734
249 250 251 252 253 254
1541 1542 1543 1544 1545 1546 1547 1548 1549 1550
548 549 550 551 555
1720 1721 1722 1723 1724 1725 1726 1727
3172 3173 3174 3175 3176
173 174 175 176 177 178 179 180 181
2667 2668 2669 2670 2671 2672
2880 2881 2882 2883 2884 2885
1741 1742 1743 1744 1745 1746
3974 3975 3976 3977 3978
3893 3895
2112 2113 2108 2109 2110 2111
2450 2451 2452 2453 2454 2455 2456
1491 1493 1494 1495 1496 1497 1498 1499 1500 1501
2804 2805
4273 4274
1925 1926 1927 1928 1929 1930
2701
4032 4027 4029 4031
234 1145 1146 1148 1149 1150 1151
3556 3557 3558 3559 3560 3561
611 612 613 614 615 616
2944 2945 3897 3898 3899 2942 2943
2208 2209 2210 2203 2204 2205 2206 2207
1463 1464 1465 1466 1467 1468
1931 1932 1933 1934 1935 1936 1937
2063
3009 3010 3011 3012 3013 3014 3015
4525
3120 3117 3119
2131 2132 2133 2134 2135 2136 2137 2138 2139 2140
3563 3564 3565 3566
3808 3810 3811
2337
1860 1861 3546 3547 3548
2029 2030 2031 2032 2033 2034 2035 1908 2036 1910 2038 2037
384 385 386 387 388 389 390 391 392 393 394 395 396 380 381 382 383
3701 3702
3648 3649 3650 3651 3652 3653 3654 3655 3656 3657 3658 3659 3660 3646 3647
4072 4073 4070 4071
2249 2250 2251 2252 2253 2254
3694 3695 3696 3697 3698 3699 3700 1398
2785 2787
4104 4105 4106 4107 4108 4109
4664
928 929 930 480 932 933 934
1184 1185 1186 1187 580 1177 1181 1182 1183
1650 1651 1652 1653 1654 1655
4968 4969 4970
3608
196 197 199 200 201 202 203 204
1426 1427
906 903
416 417 418 419 420 415
4910 4911 4912 4913 4914 4915 4916
4724 4726
3777 3780 3781 3782 3783
4557 4558
4560 4561 4562 4563 4564 4565
3206 3207 3208 3209 3210 3211 3212 3213 3214
1073 1075 1076 1077 1078 1079
4654 4655 4277 4695 4696 4697 4698 4699 4700
2794 2795 2796 2797 2798 2799 2800
2080 2082
145 2098 2099 147 2097 2100
2700 2702
2163 2164 2166
4174 4175 4176 4177 4178
4610 4606
2836 2837 2838 2839 2840 2841 2842 2843 2844 2845 2846 2847
138 139 140 141 142 143
1728 1730 1731
3756
4832 4833 4834 4835 4836 4837 4838
4372 4373 2741 2742 4374 4375
755 751
2946 3635 3636 2949
2660 2663 2664 2665 2666
1370
4677
227 228 229 230 231 232
677 679
4924
1828 1829
4596 4597 4598 4599 4600 4601 2590
206 1551 1552 1553 1554
2414 2415 2416 2417 2418 2419
4577 4578 4579 4574
4339 4340
1825 1826 1827 1830 1831 1832
2574 2575 2576 2577 2578 2899 1623
4128 4129 3515 3516 3517 3518 3519
2338 2339 2340 2341 2342 3572
4674 4675 4676
4000 4001 4002 3996 3997 3998 3999
3968 3969 3970 3971 3972 3966 3967
4665 4666 4667 4668 4669 4670
3622 3623 3624 3626 3627 3629
853 854 855 856 857 858 859 860
2752 2753
3724
3249 4306 4307 4305 4308 4309
2821 2822 2823 2824 2825 2826 2827 2828 2829 2830 2831
3872 3873 3874 3869 3870 3871
4224 4225 4226 4227 4222 4223
1954 1955
215
1202 1197
3431 3432 3433 3434 3435 3507
1058 483 1059 678 1063 1064 630 631 632 633 634 635
3986 3987 3988 3989 3990 3991 3992 3993 3994 3995
3254 3255
1952 1953 1571 1572 1573 1957 1574 1956 1577 1578 1579 1958 1581 1575
4527 4528 4529 4530 4531 4532 4533
3026 3027 3028 3030
2336 1363 1366 1367 2331 2332 2333 2334 2335
2704
2656 2657 2658 2659 2653 2654 2655
2074 2075 2076 2077 2078 2079
4544 4545 4546 4540 4541 4542 4543
968 966
4156 4157 4158 4159
1152 1153 1154 1155 1156 1157 1158 1159 1160 861 862 863
1318 1319 1320 1321 1322 1323 1324 1325 1326 1327 1328 1329 1330 1331 1332 1333 1334 1335
3726 3727 3728 3729 2524 2525
1907 1908 1909 1910 1912 1913 1914
4406 4407 4408 4409 4410 4411
2985 2986 2987 2988 2989
312 313 314 315 316 317 318 319
3225
4357
1504 1502 1503
3066 3067 3068 3069 3070
1921 1923 1924
617 618 619 620 621 622 623
576 577 569 571 573 574 575
706 707 708 711 712 713
1895 1896 1897 1898 1899 1900
738 739 740 741 742 743
2007
2624 2625 2626 2627 2628 2615 2616 2617 2618 2619 2620 2621 2622 2623
3607 3609 3610 3611 3612
4231
3032 3033 3034 3031
1122
3904 3905 3900 3901 3902 3903
4656 4657
1419 1420 1421 1422 1423
1065 1066 1067 1068 1069 1071 1072
4469 4470 4471 4472 4473 4474 4475 4476
353 358 794 346 347 348 349 350
4893 4894 4895
2937
4194 4235
2016 2017 4417 4416 2018 4418 2014 4412 2015 2012 4413 4414 4415
2766 2767
1995 1996
1008 2808 2806 2807
528 527
1555 1556 1557 1558 1559 1560
209 210 211 212 213
560
1350 1351 1352 1353 1354 1355
3200 3201 3202 3203
3303 3304 3305 3306 3307
3076 3077 3079 3080 3081
578 579 581 582 583 584 585
3160 3161 3162 3163
363 364 365 366 367 368
1522 1523 1524 1525 1526 1527 1528 1529 1530 1531 1532 1533 1534
4264 4265 4268 4269
4080 4081 4082 4083 4084
908 909 910 911 912 913
1009 1007
2951 2952 2953 2954 2955 2956
1732 2085 1733 1734 1736 1735 2086
3616 3615 2061 1999 1240 3613 3614 2399
4420 4421
1216 1217 1218 1219 1220 1215
3472 3473 3474 3475 3476 3477
3979
4361 4362
144 146
2816 2817 2818 2819 2820 2815
3224 3223
2501 2502 2503 2504 2505 2325 2326 2328 2329 2330
1606 1607 1608 1609 1610 4843 1611 1612 1613 4844 4845
3784 3785 3786 3787 3788 3789 3790
3907 3909 3910 3911
4416 4417 4418 1617 4412 4413 4414 4415
4547 4548 4549 4550 4551 4552
3416 3417 3418 3419 3420 3421
884 885 886
3035 3036
309 310 311
1408 1401 1402 1403 1404 1405 1406 1407
805 2506 2507 2508 2509 2510 2511 2512 2513 1855
4759 4760 4761 4762 4763 4764
2688 2690
3366 3367 3368 1290 2045 2046
3928 2081 1713 3927
4200 4201 4199
2427 2430 2431
982
941 557 942 944 943
224 225 226 222 223
2990 2991 2992 2993 2994 2995
3094 3095 3096 3097 3098 3099 3101
2960 2957 2959
768 769 770 771 772 773 774 775 776 777 778 756 757 887 761 766 767
709 710
2536 2537 2538 2539 2540 2541
4272 4271
1665 1666 1667 1668 1669 1670
4608 4607
1411 1412 1416 3562 4625 4626 4627 4628 4629 4630 4631
3947
1792 1793 1794 1795 1796 1797 1798 1799 264 1800 1801 1802 1784 1785 1786 1787 1788 1789 1790 1791
163 164
3300
238 240 242 243 244 245 246 247 248
1227 1228 1229 1230 1231 1232
2971 956 955 2972 957 958 959
488 489 490 491 492 477 478
1388 1389 1390 1391 1392 1393 1394 1395
4013 4014 4015
1349 1833 1838 2299 2300 2301
3042 3043
4312 4313 4314
969 970 971 972 975 976 977 978 1368
3317 3318 3319 3320 3321 3322
2545 2546 2547
4512 4513 4514 4515 4516 4510 4511
3937 1922 3939 3940 3938
2786 4399 4400 4401 4402 4403
4064 4065 4066 4063
3830
331 332 333 334 335 336
4645 4646
3664 3661 3662 3663
1369 1371
65 66 67 68 69 70
4721 4722 4723 4725 4727
2318 2319 2320 2321 2322 2323 3253
522 523 525
3588 3589 3590 3591 3592 3593
2200 2201 2202 2199
4033 4034 4035 4036 4037 4038
4982 4983 4984 4985 4986 4987
2801
3337 3338 3339 3340 3341 3342 3343 3344
3735 3736 3737 3738 3739 3740 3741
448 449 450 445 446 447
1344 1346 1347 1342 1343
3088 3089 3090 3091 3092 3093
3260 3261
2527 172 1804 1805 4146 4147 1821 1822 1823
1974
2408 2404 2406 2407
4256 4257 2168 4254 4255
3136 3137 3138 3139 3140 3141 3142
1120 1119 1111
1345
4992 4993 4994 4995 4996 3118 4990 4991
816 817 818 819 820
4275 4276 4278
3807
1384 1382
2470 2471 2472 2473 2474 2475
4234
2705 2706 2707 2708 2709 2713
4299 4300 4301 4302 4303 4304
568 567
3232 3233 3227 3228 3229 3230 3231
3234 3235
945
327 328 539 540 541
2681 2682 2684 2685 2686 2687
3688 3689
2311 2389 2390 2391 2392 2393
768 769 770 771 772 773 774 775 776 777 778 2699 887 761 766 767
4880 4877 4878 4879
3936 2383 3932 3933 3934 3935
1203 1204 1205 1206 1207 1208
3282 3283 3285 3287
2966 2967 2968 2969 2970
2778
4988 4989
2358 2359 2360 2361 2362 2363
320 321 322 323 324 325 326
1302 1303
4810 4811 4812 4813 4814
4341 4342
2920 2922
3570 3571
1513 1514 1515 1516 1517 1518 1519 1662
1960
4769 4773 4774 4775 4777 4792 4793 4794 4795
513 514 515 516 517 1042
1221 1222 1223 1224 1225 1226
4136 4137 4138 4686 4701
3392 3393
4864 4865 4866 4867 4868 4860 4861 4862 4863
4220
354 355
4258 4259 4260 4261 4262 4263
3625 3628
2528 2529 2530 2531 2532 2533 2534 2535
2641 2642 2643 2644 2645 2646
1737 4182 4183 4184 4604 4605
4289 4291
2568 2569 2570 2571 2572 2573
2601 2602 2603 2604 2605 3925 3926
3352 3353 3354 3355 3356 3357 3358
2606 2607 2608 2609 2610 2611 2612
839 840 841 842 843 844 845 846
374 375 376 377 378 379
2352 2353 2354 2355 2356 2357
4649 4650 4651 4652
3100 3102 3103
2784 2780 2781 2782 2783
4648 4647
3680 3679
3498 3499 3500 3501 3502 3503
1834 1835 1836 1837
1984 1985 1986 1987 1988 1989
4873 4874 4875 4876 4829
3465 3466 3467 3468 3469 3470 3471
784 785 783
1052
4087 4088 4089 4090 4091 4092
3523
1070
1481 1482 1520 499 500 503
2091 2092 2093 2094 2095 2096
2420 2421 2422 2423 2424 2425
1267 1268 1269 1270 1271 1272
4684 4685
0 1 2 3 4 5
3056 3057 3055
2444 2445 2446 2447 2448 2449
1472 1473 1474 1469 1470 1471
79 80 81 82 83 84 85 86
3638 3639 3640 3641 3642 3643 3644
2661 2662
593 594 595 596 597 598 795 796
954 946 947 948 949 950 951 952 953 570 572
3531 3533 3534 3535 3536 3537 3538 3542
1056 1057 1049 1050 1051 1053 1054 1055
752 753 754 750
2964 2965
2088 2090
2464 2465 2466 2467 2468 2469 2463
1656 1657 1658 1659 1660 1661
3266 2261 2262 2271
3122 2710 2711
1294 1295 1296 1297 1298 1299
4168 4167
4566 4567
2548 2549 2550 2551 2552 2553
4062
800 801 802 797 798 799
2370 2372 2373 2374 2375 2376 2377 2378 2379
1336 1337 1338 1339 1340 1341
1505 1506 1507 1508 1509 1510 1511 1512
4869 4870
4917 4918 4919 4920 4921 4922 4923
624 625 626 627 628 629
779 780 781
4327
1409 1410
1620 1621
3126 3127 3128 3129 3130 3131 3132
1664 1663 1662 967
1961 1962 1963 1964 1966 1968 1969 1972 1973
1707 1708 1709 1710 1711 1712 1713
1941
973 974
1280 1281 1282 1283 1284 1285 1286 1287 1288 1279
4830
4165
1959
2788 2789 2790 2791 2792 2793
1442 1443
3045 3046 3047 3048 3049 3050
4940 4941 4942 4943 4944 4945
4346 4347 4348 4349 4350 4351
4438 4439 4440 4441 4442 4443
1671 1672 1673 1674 1675 1676
1132 1133 1134 1135 1136 1137
1605 1273 1274 1275 1276 1277 1278
3801 3802 3803 3804 3805 3806
42 43 44 45 46 47 48
2343 2344 2153 2154 2346 2345 2157 1678 1679 1677 1680 1682 1683 1684 1685 1681
472 466 470 471
482 484 485 486 487
1289 1291 1292 1293
2462
2185 2186 2187 2188 2189 2190 2191
3082 3083 3084 3085 3086 3087 3029
3272 3273 3274 3275 3276 3277 3280
3058 3061 3062 3063 3064
2021 2019 2020 2013
2491 2492 2493 2494
4704
758 759 760 762 763 764 765
1188 1189 1190 1191 1192 1193 1194 1195 537
182 183 184 185 186 189 190
3912 3913 3914 3915 3916 3917 3918 3919
3544 3545 3543
4046 4047
653 654 655 656 657 658 659
530
2171 2172 2173
291 292 293 294 295 296 297
1970 1967
724 725 726 727 728 729 730
2176 2178 2180 2181 2182 2167 2169 2170 1852 2174 2175
3239
4948 4949 4950 4783
1356 1357 1358 1359 1360 1361
2760 2761 2762 2763 2764 2765
118 119 120 121 122 123
3600 4085 4086
2520 2519
1027 1028 1029 1032 1033 1034
2402 2403 2405 2409 2410 2411 2412
803 804 806 807 808 809
3765 3766 3767 3768 3769 3770 3771
432 435 436 437 438 439 440 441 442 443 444
3522
307 299 308
2211 2212 2213 2214 2215 2216 2217
3104 3105 3106 3107 3108 3109
4739 4740 4741 4742 4743 4744 4745 4746 4747 4748 4749 4750
2891 2892 2893 2894 2895 2896 2897 2898
2064 2065 2873 888 889 890 891 892 893 894 895
1946 1947 1948 1949 1950 1951
1248 1249 1243 1244 1245 1246 1247
2184 2177 2179 2183
165 166
1379 1380 1381 2855 1383 1385 2856
4751 4752 4753 4754 4755 4756 4757 4758
3791 3792 3793 3794 3795 3796 3797
3369
256 257 258 259 260 255
810 811 812 813 814 815
896 897 898 899 900
1475 1476 1477 1478 1479 1480
4419 3270 3271 3123 3124 3125
2848 2849 2850 2851 2852 2853 2854
1851 1853 1854
4804 4805 4806 4807 4808 4809
35 36 37 38 39 40 41 732
3308 3309 3310
4955
2740
2274 2275 2276 2277 2278 2279 2280
2584 2585 2586 2587 2588
4096 4097 4094 4095
3720 3719
1178 1179 1180
3744 3745 3746 3747 3748 3749
4573
4039 4279 3800 4281 4282 4280 4028 4030
3854 3855 3856 3857 3858 3859
3742 3743
4800 4801 4802 4797 4798 4799
2089 3722 3755 3754 3757 3758 3759 3760 3709 3710
4164
3508
3110 3111 3112 3113 3114 3115 3116
3168 3169 3170 3164 3165 3166 3167
2054 2055 2056 2057 2058 2059
4422 4423
4553 4554 4555 4556 4559
599 600 601 602 603 604 606
2084 2087
1210 1211 1212 1213 1214
2900 2901 2902 2903 2904 2905 2906
4952 4953 4951
2236 2237 2238
2629 2630 2631 2632 2633 2634 2635 2636 2637 2638 2639 2640
2155 2156
2947 2948 3630 3631 3632 3633 3634
3240 3241 3242 3243 3244 3245 3246 3247
3883 3885
3867 3868
425 426 427 428 429 430 431
4576 4575
501 502 2041 2042 2043 2044
1901 1902 1903 1904 1905 1906
3000 3001 3002 3003 3004 3005 3006
901 902 904 905 907
1638 1639 1640 1641 1642 1643
2022 2023 2024 2025 2026 2027 2028 4831
870 871 872 873 874 875 876
520
1096 1074 1095
2978 2979
4337 4338
1483 1484 1485 1486 1487 1488
1614 1615 1616 1618 1619
338 1686 1687 1688 1689 1690 1691
3584 3585 3586 3581 3582 3583
4448 4449 4450 4444 4445 4446 4447
359 360 361 362 2579 2580 2581 2582 2583
4098 4099 4100 4101 4102 4103
3504 3505 3506
605
3485
2591
3847 3848 3849 3850 3851 3852 3853
2308 2309 974 2310
6 7 8 9 10 11 12 13 14 15 16 17 18
3750 3751
1091 1094
1362 1364 1365 1367
1025 100 101 102 103 1021 1022 1023
2040 2039
2304 2305 2306 2307 2302 2303
4933 4934 4935
4785 4786 4787 4788 4789 4790 4791
2272 2257 2266 2267 2270
3329 3330
1760 1761 1762 1763 1764 1758 1759
1813 1814 1815
3921 3922 3923 3924
544 545 546 547 557 542 543
214
3521
2144 2145 2141 2142 2143
3776 4803 3772 3773 3774 3775
4568 4569 4570 4571 4572
1121 369 370 371 372 373
3121
2703
4689
2482 2483 2484
4118 4119
2712
2950
2833 2834 2835
1440 1441
481 49 50 51 52 53 54 55 56 57
4821 4822 4823 4824 4825 4826 4827
4518 4519 4520 4521 4522 4523 4524 4526
4954
1489 1490
2996 2997 2998 2999
356 357
2000 2401 1998 2398
979 980 981 983 984 985
1771 1772 1773 1774 1775 1776 1777 1778 1779
4389 4390 4391 4392 4393 4394 4395 4396 4397 4398 2072
4424 4425 4426 4427 4428 4429
475 476 479
1582 1583 1584 1585 1586 1587
3489
865 866 867 868 869
279 280 281 282 283 284
1413 1414 1415 1417 1418
1241 1242 1239
3595 3596 3597
2001 2002 2003 2004 2005 2006
1699 1700 1701 1702 1703 1704 1705 1706
704 705 699 700 701 702 703
672 673 674 675 676 670 671
1386
4928 4929 4930 4931 4932 4925 4926 4927
3236 3237
128 129 130 131 132 133 134 135 136 137 433 434 124 125 126 127
4705 4706
3594 3598 3599
3331 3332 3333 3334 3335 3336
337 339
4320 4321 4315 4316 4317 4318 4319
2872 4624 2871
4534 4535 4536 4537 4538 4539
3637
330
4310 4311
1396 1397 1399
3328 3323 3324 3325 3326 3327
3884
4122 4123 4124 4125 4126 4127
288 289 290 285 286 287
1588 1589 1590 1591 1592 1593 1594 1595
4067 4068 4069
4796
4166 4169 4170 4171 4172
1920 1915 1916 1917 1918 1919
3372 3373 3374 3375 3376 3377
3059 3060
3296 3297 3298 3293 3294 3295
2720 2721 2722 2723 2724 2725 2726 2727 2728 2714 2715 2716 2717 2718 2719
3040 3041 3037 3038 3039
3552 3553 3554 3555 3549 3550 3551
2886 2887 2888 2889 2890
208 205 207
2936 2935
1080 1081 1082 1083 2524 2526
2865 2866 2867 2868 2869 2870
4899
4900 4901 4902 4903 4904 4905 4906 4907 4908 4909
2073 2071
1372
1233 1234 1235 1236 1237 1238
4776 4770 4771 4772
2737 2734
397 398 399 400 401 402 403 404 405 406 407 408 409 410 411 412 413 414 3185
1024 1026
4270
1632 1633 1634 1635
2240 2241 2233 2234 2235 2239
2958
1637
3408 3409 3410 3411 3412 3414 3415
1250 1251 1252 1253 1254 1255 1256 1257 1258 1259
3812 3813 3814 3815 3454
4962 4963 4964 4965 4966 4967 2523
3579 3580
4687 4688 4690 4691 4692 4693 4694
4325 4936 4937 4938 4939
3267 3268 3269 2744 2745
1862 1863 1864 1865 4214 4215
3490 3491 3492 3493 3494 3495
2562 2563 2564 2565 2566 2567
3215 3216 3217 3218 3219 3220 3221 3222
2192 2193 2194 2195 2196 2197 2198
1016 1017 1018 1019 1020
2160 2161 2158 2159
3676 3677 3678
1911
1043 1044 1045 1046 1047 1048
558 559 561 562 563 564
688 697 698
2832
60 61
2925 2926 2927 2928 2929 2930 2931 2932 2933 2934
2809 2810 2811 2812 2813 2814
4885
2441
4633 4634 4635 4636 4637 4638
3973 3379 3380 3381 3382 3383 3384 3385 3386
4736 4737 4738 3078 4730 4731 4732 4733 4734 4735
73 74 75 76 77 78
915 916 917 918 919 920 921 922 923 924 925 926 927
1536 1537 1538 1539 1540 1535
192 193 194 195 191
4871 4872 2394 2395 2396 2397
4678 4679 4680 4681 4682 4683 4221
2146 2147 2148 2149 2150 2151 2152
1434 1435 1436 1437 1438 1439
3540 3539 3532 3541
1376 1377 1378 1161 1162 1163 1164 1165 1373 1374 1375
241 239
1196 1198 1199 1200 1201
2863 4116 4117 4120 4121
2368 2369 2364 2365 2366 2367
4707 4708 4778 4779 4780 4781
4377
2162
2400
298 300 301 302 303 304 305 306
4960 4961 4980 4956 4957 4958 4959
787 788 791 792 793
4056 4057 4058 4059 4060 4061
2120 2122 2123
3941 3942 3944 3945 3946 3949
847 848 849 850 851 852
64 58 59 62 63
2768 2769 2770 2771 2772 2773
3044 3007
2496 2497 2498 2499 2500 2495
421 422 423
2984 2983
3008 1729 4139 4140 4141 4142 2974
3177 3178 3179 3180 3181 3182 3183 3184
2683
104 105 106 107 108 109 110 111
3886 3887 3888 3889 3890 3891 3892
4003 4004 4005 4006 4007 4008 4009 4010 4011 4012
4344 2689 4345 4343
344 345
1839 1840 3761 1841 3762 1843 3763 3764
4498
1977 1978 1979 1980 1981 1982 1983
4886 4887 4888 4889 4890 4891 4892
352 731 351
1209
1636
1451 1453 1816 1817 1818 1819 1820
3402 3403 3404 3405 3406 3407
1444 1445 1446 1447 1448 1449
2594 2595 2596 2597 2598 2599 2600
4363
2221 2222 2223 2224 2225 2226
1138 1139 1140 1141 1142 1143 1144
4499 4500 4501 4502 4503
2961 2962 4659 2963 4658
4451 4452 4453 4454 4455 4456
3690 3691 3692 3693
2413
1092
1856 1857 1858 1492
2457 2458 2459 2460 2461
3072 3073 3074 3075 3071
3457 3458 3459 3460 3461 3052
3152 3150 3151
3456 3453 3455
1348
2907
3752 3753 1172 1173 1174 1175 3226
3957 3958 3959 3960 3961 3962 3963 3964 3965
1806 1807 1808 1809 1810 1811 1812
1604
