1851
1577 1578
400 401 1056 1055
89 90 91
289 290 291 292 293
2068 2069 2070
310
901 2377 2379 2380 2381
536 537
179 180 181
2248 2249
2459 2460
148
524 525 526
2308 2309
1520 1519 263
1702 1703
2400 2401
1661 1662
1640 1639
41 42
2281 2282
184
313 308 317 316
1643 1644
1492 1493
1443 1229 1230
2352 2351
678
2433 2434
22
1584 1585
251 252 1477
680 681 679
106 107
1361
2374 2375
166 167
1148 1149
287
521 523 1773
258 259
1843 667 668 1844
1617 1618
1787 1788
2192 2193 2194 2195
144 141 142 143
1605 1606 1607 1608 2367
816 815
1709 1710
2030 2031
80 81 79
505 506 1769
1684 1685 398 399
1144 1145 1594 1593
161 162 164 165
531 532 1621 1622 1623
1181 1182
2499 2500
570
1609 1610
170
232 233
1912 1913
1550 1551
1761 1762
160 158 159
1022 1023
1345 1250 1346 244 246
8
938 939 796 797
705 706 707
673
2473 2474
1664 327 328 377 378 379 1663
1864 1863
1347
26
114 115
880 878 879
2224 2225 2223
1307 1308
1794 1795
1256 1257 1258 1259
2016 2015
1612
2048 2047
660 661
2149 2150 2151 2135 2136
520 519
1450
2200 2199
116 117 118
794
1468
147
331 332
1281 1282
1901 1902
2011 2012
602 603
320 1974 318 319
1373 1374
1222 1223
1669 390 391 392 1670 1671 1672 1073 61
1081 1082 1083 1084 1085 1086
2314 2315
368 1162 1163 1165
2356 1332 2357 2246
2481
2104 2105
2483
2347 2348
2196 2197
286
864 865 863
608 609
2385 2386 2387
819 820
457 458
1196 1197
1926 1927
2288 2289
2137 2138
288 284 285
760 761
1516 1517 1518
2229 2230
1867 1868 1869
1339 1340
1360 1358 1359
509 510 511
1124 1125 1127
1712 1711
2321 2322
151
1948
2019 2020
600 601 1828 599
582 583
944 945
1170 1171
2262 2263
1728
1848 1945 1947
2490 2491 2492 2493
2354 2355
1319
2222
7
2414 2415
245
672
1813
675 676
176 175
845 846 847
501
2204 2205
130 131 132 133
616 617
1598 1599
480 478 479
1849
1193
2328 2329
2087
704 1745 1746 1747
2177 2178
1440
2388 2389
1649 1650
2237 2238
1687
2269 2270
1011 1012
137
2118 2119
802
395 396 397
892 893
1943
1008 1009 1010
2210 2211
1070 302 304 305 303 306 307
1572 1573
2432 2431
346 347 348
833 834
2302 2303
649
1904 1903
1774 1775
384 385 386
464 465 466 1351
231
1136 1137
1561
1472 1473
664 662
1152
1434 1483 1484 1485
866 867
2482
1161
216 215
338 339
1036 1037
1546 1547
1656 1657
2244 2245
2154 1030 1031
1089 1090 2179
1716 1717
2320
1748 1749
770
208 210 214
2185 2186
960 481 482 483 484 485
1576 1575
1130 588 589 590 592 1552 1553 1812 1274
1446 1447
1808 1809
1891 1892 1893
2051 2052
1333 1334 1335
560 1471 559
1160 1793 1159
2376 1865 1866
1051 1052
2488 2489
1548 1549 2295
1044
1760 1759
2203 2028 2029 2038
1841 1842
1232 1231
1102 1103
1690 1691
2461 2462
2084 2085
1722 1723
102 103
1724 1076 1077 1725
1933 1934
226
832 1574 734 735
2402 2403
2025 2026
1416 1415
900
1928 1929 1930
1874 1875
1104 1105 1106 1109 1110
1850 1853 1285
736 737 738
1496 909 910
1966 1967
262
1403
1174
1907 1908
1421
1048 1880 1046 1047
774
593 594 595 596 597 598
1439
2228 1977 1978 1979 1982
1677
1513 1514 1515 2283
127
622 623
1088 1087
958 959
1695
296 297 298 299
961 826 828
1091 1092
1419 1420 2259
1789 1790
1881 1882
2469 2470
669 670 671
212
2124 2125
1941 1942
2198
648
1453 1454 1455
1202 1203
1952 1951
353 354
234 235 236 237 238 239 1461
1294 1295
2276 2277
294 295
1763 1764
1816
1024 1025
2368 2369
554 555 556
77
1368 1369
2066 2067
803 804 798 799
2098 2099
459 460 461
1176 1177
1379 1380 1381
1309 1310
1211 1053 1054
1792 1791
351
781 782
108 110 111
475 476 477
2250 2251
268 269
2310 2311
1968 898 2412 1631
528 2188 2486 2487
1696 1697 1698 1699 1742 435 436 437 438 439
1209 1210
134 135
1432 2256 839
2472 2471
2040 2041
1946
785 786 787
1889 1890
2392 1914 1915
784 783
225
862 267 854
2464 2463
896 82 83 84 60
2435 2436
1464 1463
2284 2285
1922 1923
380 381 382 383
2316 2317
1242 1243 1244 1245 1246
1275 1276
2296
788 789
700 701 1877
1648 1647
2257 2258
747 748
2106 2107
1402
1486 1487 1488 1489 249 250
1729 1730
2349 2350
1099 1100 1101
1200 1201 2221
704 702 703
696 694 695
2441 2442
1676
1665 1093 1094 1095 206 207
821 822
2139 2140
193
1726 1253 1254 1255
858
721 722
2086 2091 2092 2093 2095
2291 2292
2323 2324
211
2201 2202 2231
657 658 659
1784 531 533
1541 839 840 841 522 521 842 843 844
2008 2009 2010
824 823
2232 2233
644 645
2475 2476
825 826 827 828
2173 2174
1796 1797
67
1057 1058
1645 1646
2416 2417
906 907
741
1406
979
1226 1227 1228 1375
1992 1993 1994 1991
300 301
998 999
68 69 70 71 72 1628
94
1980 1981
1235
2206 2207
1829 1830
728 729
104 105 1204 1205 1206 1207 1208 796
1840 1839
1115 92 93
1262
1770 1771
333 334
2390 2391
809 810 811 812 813 814
2013 2014
853
1960 1961 1962
876 877 652 653
1832 1831
1395 917 918
1954 1955
871
224
1064 1065
1835 1836
2176 2175
2021
913 914
1530 1531 1532
1365
708 709 710 711 1772
718
1298 1299 1300 1301 758 759
449 450 1692
1896 1894 1895
156 157
1016 1015
1630
309
642 643 1175
23
1221
1017 1821 581 1822
1189 1190
416 417 418 419 1384 402 403 404 405 407 408 409 410 411 412 413 414 415
1038 1039
2171 2172
574
1239
1312 1920 1579 1781 1311
453 454 455
2424 2425 2426
1718 1719
1341 1342
2112 2113
2457 2458 2494
174
451 452
1810 1811
183
1128 1129 1963
931 486 487
584 585
857
201 202 203 204 205
1131 1132
1249 123 124
2264 2265
152 146
1504 1503
2145 2146
1778
1122
192 191 194 195 196 78 30 697 190 31
2216 2215
1153 1154 1155 1156 1157 1158
1315 1316
340 341 342 1615
2297 2298
1558 1559
951
1441 1442 1587 1588
1304 1580 1581 1303
628 629 630 631 632
1499 1500
2330 2331
2 3 10 13 16 18 24 25
569
1234
2422 2423
1138 1139
2384 2382 2383
2064 2065 2063
2120 2121
169
2152 2153
2363 2364
691 692 693
1248 1634 1635
491 492
2212 2213
852
2411
1322 1323
1533 1534
2304 2305
432 433
1382 1383
1108
443
1474 1475
1364
43
2337 2338
1611
717
1779 1780 1781 1782 1783
752 753 1921 751
1296 1297
1629
2278 2279
1356 1357
1750 1751
2370 2371
40 39
2224 2440 2439
1448 1449
2219 2220
573
1238
155
2141
2187 2188 2189
1427 1428 1429
1681 1682 1683
1733 1734 1735
1059 1060 1063
650 651
2160 2161
1465 1466 1467
1632 1633
182
420
1481 1482
99 100 101
1000 1001 1002 1003 2142
742 743
2312 2313
434 57 58 44
1348 1349 1350
993 994 1324 1325
447
20
2001 1178 1179 2002
2404 2405
29
894 895
88 85 86 87
926 927
1164
1597
128 129 1268 1269 1270 125 126
1424 1425 1426
624 625
1757 1758
1194 1195 1564 1565 1566 1567
2345 2346
2128 2126 2127
1817 1818
2437 2438
2286 2287
312
1192 1191 1078 1079
1396 1397
48 47
1462
568
1032 1033 1538
806
150
1731 1732
2429 2430
1062
1727
1290 1291 1292 1293
835 836 837
1116 1117 1478
406
1673 1674 1675
2260 2261
1080
1883 1884
1521 1522
912 911
6
442
1613 1614
1824 1825
1856 1857
1705 1706
1328 1329
1916 1917
1019 1020 1021
1765 1766
1026 1027
2053 902 903
177 178
527
1118 1119
2100 2101
1738 1739
1949 1950
1798 1799
2096 2097 1150 1151
801
145
1704
576 577 575
1768 1767
1004 1005 2135
2133 2134
73 74 75 76 685 563
2378
163
172
1344 2252 1343
2042 2043
253 254 255
790 791
51 52
2055 2056 2057 2058 2059 2060
610 611 612 613
19
2226 2227
28
2081 1995 1996 2334 2335
64 390 391 495 83 59 60 61 62 63
1713 1714
920 921 919
266
2360 2361 2362
688 689 690
974 975
1956 1957
1140 1141 1142 1143
2318 2319
1217 1218
1969 1970 1971 2413
1596
2024 978 899 2046
96 97 98 1135
656 1338 654 655
220 221 222
1277 1278
538 539
1897 1898
1852
2090
2108 2109
1377 1378 1972
122
364 365 366
424 425 426
1989 1990
2049 2050
805
1120 1121 95
992 990 991
149
2397 2398 2399
1061
2022 2023
1251 1252
723 724
744 49 50
1494 1495
2082 2083
1554 1555
2325 2326
2266 2267 2268
1560 276 277 278
908
14
1435 1436
1185 1186 2214
154 922 725 666
2336 838 2027 1871 495 1720 1721
968 969 967
1505 1506 1507 260 261 1508 1509 1510 1511 1512 829
545 546
756 757
1133 1134
2144 2143
2477 2478
769 795 949 950
1964 1965
2485
2358 2359
314
1313 2242 1314 1953 2241 2243
1619 1620
848 849
1074 1075
1847
2418 2419
2076
2094
940 941
1528 1529
1166 1167
2299 2300
773
1997 1998
1602 1603 1604 329 330
1408 1409 1407
881 882
1469 1470
2480 2479
800
730 731
1694
1480 1479
754 755 830 831
199 200 1586 1430 1431
2332 2333
1800 1801 1802 561 562 2353
552 553
1321
771 772 775 777 778 779 780 663
1636 1637 1638
665
1006 1007
674
247
1736 1737 2005 2006 2007
1837 1838
1815
915 916
2306 2307
503
187 1398 1399
2408 2406 2407
2114 2115
1096 1097 1098
64 868 869 870
2089
768
1433
586 587
1568 1569
1417 1418
808 807
1040 1041
1266 1267
393 394
2450 2451
817 818 1973
1013 1014
1224 1225
1624 1625 1626 1627
248 1476
1542 1543
1753 1754
4
712 469 470 471 472 473 474
1845 1846
2465 2466
2484
1658 1659 1660
2240 2327 2239
1401
1198 1199
1410
2075
2365 2366
1878 1879
745 746
2072 2073 2071
1616 749 750
1876 1413 1414
1938 1939 1940
1693
1984 1985 1986 1987 1988 1983
355 356 357 358 1631
1330 1331 1332
1172 1173
2000 1999
2122 2123
1284
2003 2004
1302
987 988 989
1113 1114
962 963
2155 2156
1184 1183
578 579 726 727
1885 1886
1814
1146 1147
1823
618 619
256 257
740
513 514 515 516
467 468
1009 274 275 1289
352 571 567
1826 1827
2147 2148
1405
2088
197 198
1918 1919
2129 2130
776
1390 1391
1028 1029
496 497 498
488 489 490
1320 1317 1318
1688
367
281 282 283
349 350
2180 2181
360 359
1651 1652 1653 1654 1655
1944
564 565 566
2162 2163
861
56 53 54 55
1288
2061 2062 2159
1803 1804 1805 557 558
614 325 326 615
1666 1667 1668
1126
897
1456 1457
2044 2045
646 517 518
534 535
1305 1306
188 189 1422 1423
904 905 499 500 502 504
626 627
264 265
1400
2217 2218 2452
507 508
2074
1387 1388 1389 2395 2396
280 1370 279
2077 2078
1216 1215
1700 1701
1187 1188
2169 2170
1247
1018
1641 1642
1680 1678 1679
2339 2340
995 996 997
540 541
1490 1491
1600 1601
2110 2111
2168
1371 1372
321 322 323 324
1582 1583
856
209
2301 1589 1590
2372 2373
1523 1524
888 889 591
456
427 428 429 430 431
45 46
633 634
2102 2103
227
1777 1212 1213 1214
2033
936 937
1707 1708
1241 1233 119 120 121 1240
1556 1557
1336 1337 2247
739
2497 2498
1404
977
1497 1498
1740 1741
850 851
35 36 37 38
65 66 732 733
2420 2421
1689 1686
9 153 12 17
942 943
186
872 873 874 875 2034 2035
2410
1034 1035
1123 984 985 1180 799
860
952 953 1072 1071
112 113
883 884
1833 1834
2453 2454
1107
1592 1591
213
792 793
549 550 551
1363
2017 2018
2273 2274 2275 2468
168 171 173
1744 1743
716
2037
946 947 948
1958 1959
1219 1220
2427 2428
981
1899 1900
766 767
682 683 684
1858 1859
572
1237
270 271
1458 1459 1460
2080 2079
2167
1042 1043
1888 1045 1887
855
387 388 389
1776
964 965 966
1924 1925
1437 1438
1367
698 699
1286 1287
2032
1376
547 548
2341 2342 460 461 1752 1785 1786
720
1755 1756
640 641 635 636 637 638 639
2290 1539 1540
311
885 886 887
1870
976
1936 1937 2039 1935
2280 1501 1502
544 542 543
136 138 139 140
369 370
923 924 925
604 605 606 607
1806 1807
1168 1169
2443 2444 2445 2446 2447 2448 2449
11 15
21 27 5
1049 1050
1411 1412
1260 1261
762 763 764 765
1352 1353
185
371 372 373 374
462 463
1931 1932
2293 2294
1444 1445
859
2409
421 422 423
1066 1067 1068 1069 2166
2234 2235
1872 1873
2253 2254 2255
1385 1386
32
1112 1111
2456 2455
1354 1355 1715 1819 1820
1362
2272 2467 2271
970 971 972
1326 1327
217 218 219
715
2036
512 493 494
1860 1861 1862
1905 1906
2157 2158
2116 2117
315
890 891
980
1392 1393 1394
228 229 230 223
448 647 440 441 444 445 446
240 241 242 243
2184 1854 1855
1283 982 983 984 985 986
0 1
620 621
1570 1571
1976 1975
2208 2209
2190 2191
932 933 934 935
580
1451 1452
1236
529 530
1536 1537 1535
2131 2132
33 34
344 345 343
336 337 335
973 375 376 954 955
1525 1526 1527
1562 1563
713 714
2182 2183
2344 2343
108 557 109 111 272 273
2393 2394
956 957
1272 1273 1271
1264 1265 1263
928 929 930
1544 1545
2164 2165
361 362 363 677
686 687
1595
2496 2495
1366
1280 2236 1279
2054 1909 1910 1911
719
