2656 329 330
2525
1583 1584 1585 1586 1587 1588 4314
1669 1670
2248 2249
1887
331 332 333
2832 2831
4596
1702 1703
2152
3382 3383
4741 4742
4736 4737 4738
2281 2282
1800 3882 3883
4709 4534 4535
560 561 563 565 1398 1397
1188 1189 1190
2911
106 107
2502
4825 4826
3840 3841 3839
287
3146 3147
4753
3019 3020 3021 3022 3023 3024
3441
1336 1334 1335
3208 3207
3555 3556 3557
4859 4860
877 876 653 654
3784 3785
179
1274 1275
1022 1023
3514 3515
1864 1863
322 323 2060 108 109 111 631
2250
4364 4365
938
2515
4925 4926
2440 2442 2449 2450 2451 2457 2469 2470 2471 2476 2489 2491 2504 2513 2516 2520 2527 2413 2424
4092
3548 3549
2176 2177 2178
156
3274
1901 1902
1059
761 1396 1383
4412 4413
3884 3885
12
684 685 686 687
2616 2617 2618
2492
2523 4550
3431
609 610
1360 1358 1359
3781
2052 2053
1627 1628 1629
4865 4866
2778 2779 2780
1344 1343 1693 1694 1695
176 175
1254 1255
3186 3187
2734
2505
1544 1545 430 431 1594
3408
4132 1223 1224 2376 1618
1557 1558
2916 2917
4578 3067 4580 4579
2184 2185 2186
4775 4777 4778 4779 1373
3747 3748
3219 3220
4899 4900
2361
146
4629 4630
1952
3252 3253
1543
3264 3265 3266 4763 3263
4932 4933
2
4662 4663
536 537 538
3285 3286
2482
626 627 628
1720 4353 1722
3076 3077 3078
419 420 421
3254 1973 1974 1975
2976
4962
4149 4150
123
3241
1689 1690
1442 875 746 163
4874 4477 4478
4728 4729
2603
2868
1556
2459
769 770 771
43 44
4445
1128 1129 1130
2856 2857
1723 1724
2724
1849 1850 1851
4569 4570
2091 2092
365
4157
1942
2880 2881 2882 2883 2879
2124 2125
2436
672 673 668 669 670 671
4829 4830 4831
4448 1991 1992 1993 1994
2822 2823 3211 210 211
2472
744 742
3805 3806
2956 2957
2368 2369 2370 2371
3600 818 3598 3599
4952
2802 275
1309 1310
4650 3092 3093 4710
4669 4670
338 334 335
4680 4679
4796 3971 3972 4797
1281
3880 3881 2781 2782 2783
4170
3769 3770 4750 4751
1145 1143 1113 1146 1147
4702 4703
570 571 572
3601 3602
1546
2224 2225
2236 1819 1820
3904 3905
2040
728
2714
49 50
2305
3680 3681 3682 3678 3679
2979
4768 4769
2258 2259
4333 1657 1658 1659 1660
1056 1057 1492 1493
4357 4358 4359
4801 4802
620
2117 2118 2119
3738
3432 3429
2426
4003
4532 4533
3457 3458
4064 4065 4066 4061 4062 4063
3594
3184 3183
4867 4868
2659 2660
554 555 573
1833 1834 3837 3838
2898 2899 3973 4603
98 99 100
426 427 428 429
2390 2391
3538 3539 4086 4087 4088
862
2912 2913 2914 2915 313 314
2744 2741 2742 2743
4200 4198 4199
2439
224
177 180 182
4245
4934 4935
4513 4514 3989 2588 2590 4639
232 233 231
518 519
2704
4406 4407
3607
4101
3872
2789
1314 1315 1316 1318 1319 2768
1961 1962
3328 3326 3327
3323 4692 1789
3728
2663 2664 2871 2872 2873 2874
2416
3965 3990 3964 2588 4639
1117 1118 1119
4473 4474
466
1976 1977 94
145 147 148 149
2570 2571 4566
440 441 439
2027 2028
1352 81 82 83 58
3707 3708
2858 2859
4752
4236 4237
1288 1289 1290
715 716 717 718 719 720 721
2891 2892
3316 406 407 408 409
178
3833 3834 4772
702 703
3970
2093 2094
743 1008 1009 1012 1014 1015 1016 1017
3224 3223
4235
4076 4077
3597
2514
2179 2180 3179 3180 3181 3182
4637 4638
2285
3188
91 92 1963
564
1467
4142 4143
3009 3010
2160 2161
4621
191
1848 1846 1847
1500 1501 1502
276
2716 285
1537 1538 1535
816 817 818
4256 4257 4255
3430
1074 315 316 317
3360 3361
900 901
386 387 388
3920 3921 3922 3923
4770 4771
2034 2035
3960
1745
912 911
2865 2866
1732 1733
3940 3941
2592 2591
2648
4488 4486 4487
24
4572 4573 4574
927
1076 1077 1078 1079 1080 1081
1269 1270
2628 2629
3456 3455
2095
128 129 130 2283 2284 2291 2292
4984
3443
4611 4612
3048 3049 3047
2191 1645 1647
4374 4375
1033 1034
2481
1160 1161 1162 1159
3544 3545
481 482 483
4594 2836 2837
4617 4410 4411
2746 2747
2517
122
4408 4409
1067 1068
970 971 3277
3685
1470
158
3044 3045 3046 4636
3749 3750 2632 2633 3487
3673 2138 2139 3674
4441 4442
2233 2234
1100 1101
1769 1770 1795
1960 1959
4317 1509 1510
3064 3065
417 1453
4744 4745
3643 3644
1580 1581 1582
1354 4835 3316 4030
2019 2020 2021 2022 2023
508
2494
616 615
1468 1469
4507 4508
3947 3948
1771 1772
2350
4152 4851 4151
376 377 694 695
2615
4012 4013
4541 4542
1747 1748 4356
1995 1996 1997
3339 3788 3340 3789 3790 3791 4276 4089 4090 4091
704 705
256
4876 4877
4951
4355 3074 3075
2722 2723 196
3776 3777
2098
1568 1569
4381 4382
3248 3249
2800 2801 2799
3675
3516 1875 1876 3517
3304 3305 3306 3303
4093 4094 4095
749 750 751
4169
2379 2380 2381 2382 952 953
4
1928 2261 2262 2263
1633 1634 2546 2545
2484
3617 3618
9 13
1667 1668
2978
2089 2090 3700
4583 3822 3823
3650 3651
1938 1939 1940
309 310
2162 2163 4483
3040 3041 3042 1124 301 302 3035 3036 3037 3038 3039
352 351
4820
619
2605
1592 1593 1591
946 1084 1085
1173 1174
3773
2461
3760 3758 3759
2864 2863
1520 1518 1519
3716 3717
4576 4575
1734 1735
2726
1656 918 1655
4277 4278
4303
3256
2960 2841 2958 2959
1944
861
2847
2438
4673 3246 3247
223
2682 2683
4906 4525 2359
1000 1001 2158
736 2572 734 735
897
1704 1705 1706
2154 2155
4646 4647
4344 4345
3377
3816 3817
4954
753
2784 2785 2786
3642
4698 4699
3849 3850
4816 4373 4815
1624 1625 1626
1674 1675
3632 3630 3631
3580 3581
4713 4714
3853 814 815
45 46
2232 2231
170 171 173 174
4666
236
4764 4765
2556 2557
1707 1708
2680 2681 2679
2538 2539
909 910
3476 1643 1644
1740 1741
3420 3421
4280 4279
1260
3949 3950
1672 1673 1671
3052 3053 3054
3066
3000 3001 3282 3775
1888 1890 1886
1221 1222 679 3665 1146 1148
134 135 137 138 2327 2328 2329
3740
112 113
984 985 4230
2428
397 398 399
2936 2935
549 550 551
3596
346 75 1110 1111
1381
976 977
3861
1858 1859
495 496 497 498 499 3444 3445 3446 3575 3447
1911
1840 1841
4391
3250 3251
1873 1874
4457 4458 4459
740 741
4402 4403
3982
3585 3586
2441
757 758 759
944 3862 942 943
1623
2526
311
2209 2210
1968 1967
580 581
3403 2693 2694
2761 2762 3302
392 393 3283 391
3619 3620
3317 3318
2242 2243
3488 3489 3490 4449
3730
557 558 559
1185 1186 1187 2153 2808
3652 3653
2272 2273 1043 1044 2271
4480 4479
4512 4511
775 72 73 71 74 637
1208 1209 1211 1207
344 345
4489
2024 2025
4260
3686 3687
3718 3719
3442
3190 3191
4051 4052 2646
2057 2058
4116
2314 2315 2316 2317
184 185
410 411
1149 1150 1151
1986
713 714
4977 4907 4908
4875
4634 4635
1613
2287
3289 3290
2156 2157
1521 1522 1003 1046
1878
3818 3819
3786 2362 2363 2364 2365 2366
157
1082 1083
4970 4971
1060
4121 4122
1391 1392 1393 1394 1395
3720
4700 4701
422
3352 3351
4682 4683
84 85 86 87
4299 4300 4301
4712 4711
1676 1677
2264
3969 3966 3967
3562 3563 3564 3381 4415
3977 3978 3979 3980 3802 3803
708 709 710 711 712
4766 4767
318 319
2558 2559
2529
1709 1710
4238 4239
2861 2862
2688 2689 2687
4035 4036 4837 4037 4038 1064 1065 2867
4253 4254
2650
384 385
4556 4557
26
114 115
3298 3299 3300
2168 2169 2170 1879
51 52 53 54
3888 3886 3887
2506
2336 2337 2338 2339 4519
2928 2929
4315 1595 1596 1597 1598
4136 4137 4848
450 451
2130 2131
3792 3793
3713 3714 3715 631 632
906
4082 4083 2150 2151
2483
4404 4405
2196 2197
3056 3055
3876 3877
4437 4438
368 364 367 359
160
1063
1408 1409 446 445 1406 1407
4515 4516 4517
3942 3943
3089 3090 3091 4446 4447
885 886
4773 4774
4784 4783
656 1691 3752 3751
2725
2496
2824 2825
4302
905 907 908
2001 2002 2004
347 348 349 350
3664
1498 1499
366
3255
3810 3813 2351
3462 3463
4158
4832
4595 4397 4398
700 701
4840 4841
402
682 683
33 34 35 36
3193 3194
3225 3226
2473
258
4258 4263 4264 4265 4267
3138 3139 788 789 790
2568 2569 2567
4953
752
1018 1019
3931 939 940 941
4938 4939
3666 566 567
3529 3530
1069 1070
369 370 371 4050
1048 1047
3288 3287
2763 2764
2819 2820 2821
1102 1103
3657 3658 3659
644
3762
4123 4124
3624 3623
235
2748 2749 2750
4993 4994 4995 4996 4997 4999
2486
435 436 437 438
3628 3629
3828 3829 3830
765
3654
4756 4757 4758
320 321
2697 2698 2699 461 2873
584 3670 582
4224 4225 4226
1202 1203
3576 3577 3578 3579
2609 2610 4571
2463
2896 2897
1450 1451 1452
1235 1236
4904 4905 4976
4274 4275
2728
2066 2067
2056 2054 2055
1007
2401 2402
2530 2531 2533
4307 4308
3232 3233
2930 2931
4972 4973 4974 4975
1946
785 786 787
1024 1025 1026
1312 1311
188 189 190
4945 4946
4672 4671
755 756
4643 4644
899
3542 3543
2705
4978 4979
3845 3846
4676 4677
3873
2166 2167
4776
3378 3485 3486
4547
1412 1413 1414 1415
3878 3879
3464
4780 4781 4782
1264 2560
2417
202
3062 3063
3889 3890 3891
4668
2453
4817 4818 4819
1141
1736 1737
4259
2043 2044 2045
2265 2266
3398 3399
4808 4809
588
3493 3494 3495 760 762 763
1262
641 303 304 305 1465
1601 1602 1603
4281 4282
1527
972 973
1832 1831
2430
3483 3484
4842 4843
2634 2635
4910
4040 4210 4211 2806 2807 2846
4346 4347
592 594 3684
480
2286
2696 2695
2667 2668
1877
4379 4380
336
4790 3871
1020 1021
819 820 821
492 493
2172 2173
3032 3031
4622
4393
192
4715 4716
4941 4942
3984
4658
2205 2206
4168 1307 1308
4748 4749
722
3611
1105 1106
2528
1091 1092 4047
1728 1729 1730 1731 1204 1205 1725 1726 1727
4760 4759
1464 3234 1463
1792 2334 1787 1788 2333 1790 1791
2064 2065 2063
1227 1228 1230 1233 1234
4497 2211 2212
3732
2649
2420
2553 2554 2555
1862 1540 1541 1861
290 1419 1418
48 902 47
2330 2331 2332
1507 1508
4544 4545 2409 2410 3995 4543
1714 1715 4348
1229
4608 4609 4610 4607
2132
2624 2625 4011 2999
4849 4850
4118
2673 2674
1355 4140 4181 1614
2400 2399
257 2308 2613 2614 255
2403 2404
4914 4915
1573 1574
724 725
3565
212 213 214 215 216
4084 4085
4944 4943
2927
4947 4948
1615
2518
2345 2346 4524
288 1058 1987 1061 1062 272
1920 1919
4998
1471
159
2849 2850 3217 3218
4981 4982
4992 4991
4625
4464 4463
842 843
3409 3406 3407
3267 1981 1142 1533 1982
1393 4197 4873
3807
2495
2980 2981 2982 2983
3914 3915
1738 1739
4194 4195 2630 2631
136
4249 4250
3437 3438 2575 4304 4305 4306 1565 1566 1567
2560 2561 4653 4560 4562
2041 2042
1768 1767
3721 3722
4018 4019 1051 1052 1053
172
1075
1978
3754 3755
2652
1244 1245
993 994 995 996
650 651 652
4283 4284
2075 2076
974 975
2654 2655
1440 1441 4231
2508
2636 2637
3729 1204 1206 3739 3741 3742
3820 3821
3957 3958 3959
2720 2721
3832 3831
512 513
643
1712 1713 1711
4684 4685
5
2174 2175
1041 1042
3854 3855
2485
2222 2223 2007 2008 1403 1404
1438
3439 510 511
1824 457 458 1823
4222 4223
881 882
2240 2241
240 241 234 239
4821
2606
1410 1411
4396 1872 1589 1590 2967
3569 3570 3571
1559
2444 2421
2576 2577
18
2727
1778 1779
2498
1866 1867 1868 1869
4289 4290
2992
2355 2356 2357 2358 2359 2360
3987 3988
1780 1781 1782 1783
3491 3492
3128 4656 3127
442 443 444
487 488 489 490 491
4340 4341 4342
1945
2100 2101 2102
2984 277
4020 4021
2848
1096 1237 1095
4834
3522
3113
3387 3388 3389
2985 278
898
165 166
3787
4053 4054
2475
3525 3526
4884 4885
2752 2753 2754 2751
1837
4955
754
1810 1811 1812
3558 3559
4917 4918
1816 1817 1818 1815
778 779
4422 4423
3926 3927
4667
834 835 836 837 3669
2452
237
3552 3553 3550 3551
1416 1417
3126
3512 3513 3510 3511
3954 3955 3956
4513 2587 2588 2589 2590
592 593 3291 3292 3293
2717
1405
93
2079
1176 1175
3952 3953 3951
4857 4251 4244
1040 1038 1039
2010 2011
1261
1482 1483
1304 1305 1306
4219 4220
3691 3692
2429
382 383
3195 3196
1773 1774 1775 1776 1777
4026 4027
3204 3205 3206
2465
1384 1385 2810 2811
3756 3757
4587 4588
1246 1247
2730
2077 2078
1903 1904 1906 1651 1907 1909 1910 1912
1549 1550
3768 3767
2128 2129
4920 4919
2586
4392
1539
1140 3192 892 893
1420 1421 1422 2833 4221
3345
4654 4655
4126 4127
1835 1836 1839
3400 3401 3402
3856 3857
1648 1649
1889
666 1341 1342
4549
850 851
2970 2971 2972
4720 4721
4105 4106 4107
960 961 957 958 412 954 955 956 413 414 959
3731
4192 4193
2853 2854 2855
1241 1242 1243
1984 1985
2419
883 884
3362 3363
1284 1285 1286 1287 4155 4156
4268 2068 2069 4269
2017 2018
1372
4261
2552 629 630 2551
677 680 617 618 2602 2713 1716 601 602 603 605 606
4552 4553 4551
1219 1220
889 890 891
389 390
999
2608 2607
4117
4288 4287
1252 1253
772 773 774
3088 4385 3086 3087
2932 2933
4291 4292
950 951
1608 1609 1605 1607
3763 3764
181
88 89 90
3744
1529
2965 2966
2432
1301 1302 1303
2288
186 187
1049 1050
2521 4546 2487
1880 1881
2016 2014 2015
2818
3560 3561
448 1185 259 1187 556 206 207 80 81 82 2808 57 58 59 60 61 62 447
194
3312
3050 3051 308
3986
2216 2217
3896 3897
3168
2795 2796
3121 3122 3123
2939
2267 2268
3626 3627
3842
1120 1121 1123 1560
1892
3099 3100
3131 3132
2386
2096 2097 2099 423
2829 2830
2769 2770 2771
864 865 866 867 868 1183 582 583 1184 3082 1179 1180 1181 1182 863
2562 2563 2564
1484 1485
2651
2344 2343
3992 3991
3554
2422
1272 1273 1271
4844 4845
27
2080 2081 2082 4465
3693 3694
1604
3590
3261 380 3260 381 3262
2507
3197 3198
3176 3175
1154 1155 1156 4069
4028 4029
1720 1721 4352
3230 3231
1921 1922 1923 218 3371 217 1466
4878 4879
3712 4743 635 636 3710 3711
4427 2219 4332
1231
3416 3417 3415
768 1163 1164 1166 4079 766 767
139 140 141 142
4641 4642
978 979 980 981
2307 132 133
4674 4675
226 227
1617
803 804 805
633 634 2934
1650 1652
4128 4129
3909 3910 3911
4179 4180
1971 1972
4161 4162
3867 1803 1804 1805
4390 2952 1842 1843 1844 1845 4628
3480 3481 3482 3479
3633 3634
655
4212 4213
3315
17
2003
853 854
1760 1761 1763 1765
4074 4075 4717 4718 4247
3809
2565 2566
2544 2543
2497
3107 3108 1478 1479 2012 2013
3696 3695
601 604 605
2304 2298 2299 2300 2301 2302 2303
4354 3613 3614
4530 4531
1460 1461 1462
2869 2870
812
4536 4537 4909
4833
2902 2903
1801 1802
3680 2407 2408 3930 3199
3765 3766
424 425
822 823 824 825 826
4312 4313
452 453 454
3237 3238
827 829 830 831
2474
30
4928 4927
2200 2201 2202
2665 2666
2510
1427
3496 3497
2352 2353 2354
4316
2968 2969
4648 4649
1692
1339 1340
3080 3081 4645
4581
3033 3034
645
4248 1825
284 279
523 524
2203 2204
3865 3866
3337 3338
3851 2765 2766
3390
856 855
4466 4467 4468
3916 3917
1072 1073 1071
3898 3899
1125 1126 1127
2269 2270
590 591
3688 597 598
3101 3102
3133 3134
2573 2574
4792 4791
4824 4823
4389 3621 3622
4285 4286
2235
2464
520 3689 522 521 3608
4296 4295
2729
4846 4847
2638 2639
1505 1506
4318 4319
2320
1808 1809
4980
1401 1402 1171
3259
2104 2105 2103
4880 4881
3753
4912 4913
3524
2187 2188 2190 1646 2192 2191 2193
2706
168 169 167
2477
1165
4577 2626 2627 4916
2672 4202 4203 2671
2584 2585 4022 4023
3587 3588
4548
4337 3802 3804 4338
62 1280 1278 1279
4451 4452
1170 1171 1172
2189
648
3364 3365 3366
2454
1424 1423
3635 3636
1635 1636 1637
504
3938 3939
4041 4042 4043 4044 4045 4046 4559 4558
3506 3507 4418
4496 4495
2309 2310
3140 3141
2070 2071 2072 2073 2074
2838 2839
3355 3356 3357 3358 3359
4561
360
1263
3701 3702
2840
3743
4864 4863
2431
4476 2133 2134
2467
696 697
4584 4585
2937 2938
337
1536 1538 1535
1011
2817
780 781
1611 1612
1632 1630 1631
193
2340 3723 3119 3120 665 663 664 2009 667
792 791
3025 3026 4633
4985 4986
3324 3325
3864 3863
4401 2669 2670
64 887 888 63
1688 1687
3336 3335
3368 3367
4188 4189
1891
3069 3070 3071
1927
3733
2844 2845
3704 3703
3641 3572 3573 3574
1576 1577 1575
4568 4567
539 540 541
1137 1138 1139
400 401
2640 2641
4320 4321
4384
183
857
3746
3424 3425 4160 3422 3423
2434
1122
1616
2519
2290
1348 1349
2707 2708
2208 2207
4387 4388
2418 2462
1435 1436 1437
2194 2195 4490
4690 4691
4722 4723
3068 1998 1999
4420 4421
4626
3892 3893
2621 525 526 527
3094 3095
4453 4454
282 2987
2676
992 988 989 990 991
2737 4130 4377 2735
37 38
1717 1718
3379 3380
372 373 374 375
3372 3373 3374
2532
2809 1531 1532
2280 2860 2279
3109 3110
1448 1449
4201 3906 3907 3908
811
152 153 150 151
3936 3937 3935
3142 3143
1513 1514
4520 4521
2653
986 987
3592
1606
2377 2378
2509
294
4185 3913 4182 4183
2690 2691 2692 4810 4811
1547 1548
4360 4361
2145 2146 2147
3677
3584 4368 4369 4370 3582 3583
3448
4058 4059
1882 1883
2136
3321 2306 3322
2411 2412
4386 3533 3534
1089
782 783
6
4424 3814 3815
2384 2385 2383
3272 3271
66 67 68 3301 70 69
3275 3276
4456 4455
4400 2945 4399
3852 813
1086 1087
1361 1362 1363 1364
2522
307
1210
3640 3639
4324 4325 4326
4460 4461
3761 674 675 676
3690
4190 4191
1066
4443 4444 4518
4184
4858
1152 1153
3027 3029 3030
3976 3975
1969 1970 2941
1456 1454 1455
3216 3212 3213 3214
3811
4526 4527
2318 2319
2499
162 10 15 7
2684 462 463 464 465 467 468 469 470 471 472 473 474 475 476 477 478 479
1292 1291 732 733
3520 3521 3519
3173 3174 3503
1553 1554
4501 4502 4503
3459 3460
2738 2061 2062
3523
3155 3156 3157 3158 3159 3160
849 530 531 532 533 534 535
2661 2662
2924 2925 2926
4462
2144 2143
2115 2116
1796 3589 1797 1798 4024
1838
4727
2512
2940 262 263
2148 2149
3008 3007
2213 2214 2215
1350 1351
394 395 396
3800 3801 747 748
125 126 127
484 485 486
1653 1654
647
552 553
1664 1663
3333 3334
1322 1323 1324
4164 4165
238
4048 4049 4659
3894 3895
503
2953 2954 2955
2541 3347 3348 3349 3350
4331
3129 3130
3928 3929
1330 1331 1332 1333 1941 1947
2536 2537 2535
3993 3994
1785 1786
3433 3434
4681
4592 2787 2788
2466
844 845 846 847 848 2260
3384 3385 3386
1136 1133 1134 1135
745
2907 2908 2909
3405
4297 4298
251 252 253 254
4329 4330
3059 3060 3061
1010
3528 3527
3531 3532
2122 2123
4362 4363
544 545 546 784 1555 542 543
2993 2990
1852 1853
1107 1108 1109
2443
1680 1681 1682 1683 1684 1685 1686
1480 1481 4252 293
1988 1989 1477 1990 2701 2703
1936 1934 1935
1054 1055
56 42 494 55
2479
1472 1473 1474 1475
1368 1367
4959
3900 3901
4882 4883 4502
3912
116 117 118 120 124
2600
4732 4733
2312 2313 3518 2311
448 449 3394 3395 3396 3397 1865 59 447
3329 3330
2456
1144
4262
1457 1458
3215
3169 3170
4528 4529
2986
659 660
362
3136 3137 3135
1490 1491
1265
4383
4154
3202 3203
2900 2901
3745
1530
1552 1551
2372 2373
2433
4747 4746 4563 2564
1027 1028
2405 2406
4624 4623
2289
3268 3269
4067 4068
962 963 964 965
3148 3149 3150 3151 3152 3153 3154
1132 1131 948 949
1013
4131
4949 4950
195
1293 1294 1295
4309 4310 4311
4339 1678 1679
4499 4500 4901
4133 4134
3296 3297 1365 1366 4187 3294 3295
4509 4510 3005 3006
2446
3637 3638
3616 3615
4322 4323 4349 4350 4351
4166 4167
297 298
4469 4470
353 354 355 356 1860 357 358
3735
4604 4605 4606
1665 1666 4322
4963 4964 4965
4240 4241 4242 4243
2423
4000
4930 4613 4614
698 699
3591
3435 3436
1806 1807
4664 3221 3222
2036 2037 2038 2039
1232
312 1258 1266
4601 4602
3468 3469
4328 4327
3771 3772
2171
1248 1249 1250 1251 2387
1088
859
4812 4813 4814
1762
2973 2974
2948 2949 2950 2951 2952 4628
1353
3083 3084 3085
41
3308 3309
4686 4687
4886 4887 4888 4889 4890 4891 4892
306
3848 3847
528 529
4416 4417
3341 3342
3320 3319
2731 2732 2733
3725
3794 3795 3796 3797 3798 3799
3072 3073
2675 2275 2276 2274
3844 3161 3162 3163 3164
4734 4735
3944 3945 3946
1425 1426
456 3418 3419 455
3105 3106
4966 4967 4968 4969 4822
4785 4786
595 596
3172
727 3440 500 501 3189 502 505 506 507 509
2108 2109 2110 2111
2534
930 931
547 548 1459
4111
3028
4272 4273
2826 1179 4586
661 662
3112 4651 3111
2341 2342
3474 3475
1813 1814
144 143
4852 4853
1672 324 325 2367
2374 2375
2816 2812 2813 2814 2815
4726
2511
997 998
4704 4705 4706 4707
3185 2198 2199
3508 3509
3540 3541
4582
2181 2182 2183 4366 4367
3824 3825 3836
3200 3201 2388 2389
3843 556 3501 3502 4719 4144 1177
1640 1641 1638 1639
2488
2792 2793 2794
2776 2777
4055 4056 4057 4506 4060
568 569
2524
299 300
1979 1980
2842 2843
4186
896 894 895
4522 4523
621 622 623
2645
4504 4505
2768 1315 1317 2767
21
2032 2033 3270 2031
19 25 3
642 403 646
2347 2348
2501
4856 4854 4855
3404
4009 4010
1924 1925 1926
4078
3449 3450 3451
3465 3466 3467
339 340 341 342 343
1045
4589 4590
1719
4600 4599
4632 4631
3244 3245
2942 2943
3656 3655 2622 2623
4176 4177 4343 4175
1328 1329 1327
1619 1620 1621
2478
3369 3370 432 433 434 378 379
4232 3774 3903 1528 3902 1439
4787 4788 4789
937
4958
1346 1347
3278 3279
119
838 839 840 841 852
4688 4689
1386 1387 4196
678 3858 3257 3258 1917 1918
3273
649
1337 1338 2745
32 31
913 914 3284
2455
1097 1098 4554 2540 2541 2542 784
4754 4755
296 283 2989
2244 2245
4428 4429 4430
3104 3103
2547 2548
1446 1447
361
3410 3411
2277 2278
101 102
1749 1750
4153
2580 2581
404 405
1300
274 295
4800 4798 4799
4293 4294
2468
1893 1894 1895 1896 1897 1898
2140 2141 2142
4336 4335
2059
1432 1433 2712
3477 3478
2998
3412 3413 3414
4898 4493 4494
1320 1321
2658 3427 3428 3426
4371 4372 4373
3344 3346 3343
1542
3648 3649 3647
4141 1276 1277
2445
2642 2643 2644
723 2996 2997 2135 2137
4425 4426
1169
1913 1914 4414
2975
796 797 798
108 110 111
3609 3610
3240
1948 1949
873 874
4761 4762
600 599
4987 4988
3734
2251 2252
4491 4492
264 265 266
4072 4073 4070 4071
3114 3115
4618 4619 4620 4931
3672 3671
2458
1856 1857 3974 3709 1854 1855
4827 4828
459 460 945 946 947 3932
880 1512 878 879
1486 1487
2619 2620
3393 4031 3391
4555 2549 2550
1002
4120
1821 1822
688 689
4008 4007
1905
1004 1005 1006
640 3166 3167 3165 638 639
2394 2395 2396 2397 2398
2988
2755 2756 2757 2758 2759 2760
2875 2876 2877 2878
2293 2294 2295 2296 2297
2218 2219 2220 2221
858
4861 4862
4893 4894
2904 2905 2906
2685 2686
4872 4871
2435
220
1523 1524 1525 1526
1943 4485 4439
2700
2718 2719
208 209
1369 1370 1371 2335
4096 4097
3868
3961 3962 3963 4163
3826 3827
3280 3281
1756 1757 3079
4960 4961
3724
4627
3331 3332
3313 3314
2448
2677 2678 4039
3667 3668
4724 4725
1157 1158
3376 3375
1168 1167
4110
3392 4102 4103 4104 3391
2851 2852
1257
576 577 574 575
1956 1957 1958
3737
4640
1504 1503
2425
4564 4565
2582 2583
3593
4597 4598
1443 1444 1445
1908
2120 2121
105 2995 103
1090
1764
681
1421 1937 2834 2835 2833
776 777
4696 4697
1570 1571 1572
1929 1930 1931
4394 4395
3835
968 969 966 967
3017 3018
809 810
1356 1357
982
3096 3097 3098
1216 1217 1218 4108 4109 4112 4113 1212 1213 1214 1215
40 39
1964 1965 1966
4484 2604
1476
1828 1829 1830
4730 4731
164
1400 1399
3353 3354
3727
872 871
904 903
2415
1114 1746 1112 1113 1146 1115 1116
1296 1297 1298
806 199 200 201 203 204 76 205 28 29
20
4204 4205 4206 4207 4208 4209
4895
4032 4033 4034 4836
2253 2254
3812
3933 3934
3002 3003 2284 3004
2500
624 625
1758 1759
657 658
585 586 587
3470 3471
1488 1489
737 738 739
3808 3985 3983
514 515 516
416 418 764 415
2256 2257 2255
1983
1784 4376
1754
2126 2127
2657
1191 1192 1193 1194 1195 1196 1197 1198 1199 1200 1201 956
3116 3117 3118
1345
3504 3505
4234
2083 2084 2085 2086 2087 2088
3676 2237 2238 2239
4957 4429 589 4956
1742 1743 1744 1238 1239 1240
1610
4896 4897
793 794 795
2739 2740
4098 4099
154
4540 4539 4538 3227 3228 3229
3043
828
4433 4434 4435 4436
1032 4014 1031
1035 1036 1037
243 244
2772 2773
3603 3604
2322 2323 2324
1093 1094
3057 3058
2490
608 607
1428 1429
131
4113 4114 4115 4119
1299
4803 4804
77 78 79
1494 1495
0 1 8 11 14 16 22 23
2647
2325 2326
3536 3537 3535
926
1225 1226
517
2503
3697 3698 3699
4869 4870
4983
690 691 692 693
267 268 270 271 272 273 280 281 286 288 291 292 2991 2994 1987 1222 1622 601 605 606 617
1699 1700 1701 983
4419 1915 1916
730 731
4902 4903
2050 2051 3236 3235
1561 1562
2392 2393
1056 103 104 2226 2227 2228 2229 2230
4002 4004 4005 4006 3996 3997 3998 3999
4695
2480
4936 4937
3780 3782 3783
1313 269
1325 1326
4138 4139
121
3016 3015
3239
808 807
4929 4550 4911
800 801 802 799
4171 4172
4178
2000 4678 1998
242
2827 2828
4708
2493
3625
2029 2030
928 929
228 229 230
3661
3498 3499 3500
363
2349
4270 4271
3683 1870 1871
1752 1755 1751
161 155
4807 3918 3919
2601 2598 2599
3472 3473
4657 1283 3124 3125
1793 1794
2112 2113 2114 2106 2107
289 1099
1826 1827
3452 3453 3454
4100 3870 4135
2715 4591
3011 3012
1029 1030
1953
3874 3875
2736 3145 3144 2735
4432 4431
2447
1696 1697 1698
2803 2804 2805
2774 2775
2893 2894 2895
2246 2247
3605 3606
869 870
3612 3925 3924
4739 4740
260 261 2961 2962 2963 2964
1430 1431
1256
4227 4228 4229
1578 1579 2321 4593 4921 4922 4923 4924
2159
245 246 247 248 249 250 2910
2918 2919 4616 4615 2922 2920 2921 2923
3736
3660 3662 3663
4001
4805 4806
2460
1496 1497
4266
1104 915 916 917 919 920 921 922 923 924 925
65
4940
2884 2885 2886 2887 2888 2889 2890
1642
4838 4839
3705 3706
3177 3178
3209 3210
1388 1389 1390
932 933 934 935 936
3242 3243
860
4481 4482 3859 3860
1534
578 579 726
4652
2437
1563 1564
222
1884 1885
1799
2702
3546 3547
4216 4217 4218
3836 3869 3663
1515 1516 1517
1899 1900
2048 2049 2046 2047
3461
4989 4990
1932 1933
225 219 221
3726
1511
4472 4471
2414
96 97 2026 95
4378 4214 4215
3310 3311
4173 4174
1954 1955 4440 1950 1951
832 833
4665
3645 3646
2944
729
4334 1661 1662
4016 4017 4015
2593 2594 2595 2596 2597
2578 2579
1259
3968
1753
4145 4146 4450 4159
2427
2611 2612
197 2790 198 2791 1714
4233
706 707
2946 2947
3595
4793 4794 4795
4498
1267 1268
1282 611 612 613 614 2797 2798 1434 1178
4080 4081
562
3778 3779
4025 2005 2006
4125
1600 1599
4660 4661
3568 3566 3567
2709 2710 2711
3307
1376 1377 1378 2977 1379 1380 1382 1374 1375
3981
1766
3013 3014
328 3171 326 327
2164 2165
4693 4694
4475
4246
4147 4148
